820 968
401 709
766 481
298 734
91 315
190 686
250 598
95 785
632 142
247 453
524 106
376 597
133 549
283 704
383 779
414 366
763 398
544 276
51 564
185 440
570 438
647 478
746 57
93 619
135 752
698 569
766 500
510 819
7 496
5 247
442 665
652 350
639 72
405 85
362 689
149 699
352 313
247 132
426 402
624 323
422 543
448 335
514 259
626 572
746 320
439 6
298 739
493 756
338 586
549 132
382 538
64 661
309 213
532 642
180 340
187 70
448 44
712 638
743 446
60 352
94 649
171 422
255 769
550 659
554 5
132 358
473 394
549 210
216 378
631 180
189 782
65 552
464 640
523 85
184 418
527 105
333 692
476 807
162 30
274 586
634 47
642 92
33 800
812 96
599 641
570 320
360 139
219 473
800 813
769 36
591 545
182 19
607 183
61 483
496 313
509 665
80 696
143 208
424 175
52 321
53 660
770 766
495 441
396 45
473 819
585 198
768 774
788 477
771 383
530 156
144 623
536 508
529 141
815 110
686 200
265 378
92 575
713 238
133 592
65 716
485 459
410 19
56 624
333 197
157 544
674 228
364 210
415 301
473 302
540 768
300 618
169 248
537 577
208 388
479 139
94 1
539 180
755 792
509 202
274 209
672 684
737 466
674 589
229 495
711 490
42 186
13 63
660 760
690 423
45 631
801 438
305 425
546 745
414 558
766 404
591 390
441 539
614 663
273 23
161 285
245 423
512 413
202 713
444 389
320 214
708 7
30 354
48 356
32 46
175 670
480 618
198 728
672 401
594 637
137 566
651 628
610 33
142 309
98 184
537 328
659 97
450 59
613 796
625 581
353 3
65 76
763 21
589 676
328 672
627 635
201 87
515 392
89 461
541 474
126 613
492 733
740 31
9 647
721 526
200 506
416 220
209 584
371 457
438 376
286 757
348 10
533 203
479 90
580 493
776 808
556 509
561 173
18 725
393 819
199 375
124 307
413 125
28 81
498 812
815 811
476 343
224 372
431 352
421 93
652 453
537 274
288 107
565 24
79 104
596 715
313 798
191 199
282 256
219 125
777 387
39 403
756 134
469 262
202 754
653 522
600 799
488 301
657 13
288 303
145 309
424 618
75 477
104 439
789 138
401 228
512 369
534 348
366 393
21 562
740 190
545 671
370 535
633 235
268 155
345 25
439 366
332 308
566 264
186 583
741 801
447 766
343 237
744 229
687 620
236 530
336 254
318 617
729 723
111 672
618 748
527 225
758 4
697 718
211 195
536 151
20 296
145 474
506 203
219 797
41 153
313 385
592 788
76 513
769 428
508 87
567 599
330 185
513 752
157 215
640 308
728 439
703 25
179 736
269 443
685 810
519 137
72 336
384 469
28 478
192 313
435 340
703 110
456 138
385 671
494 251
666 328
631 53
260 761
594 100
698 720
64 808
640 514
32 407
176 636
677 164
306 204
357 363
698 252
447 689
562 413
812 721
782 685
603 702
175 371
258 133
193 481
705 120
631 698
337 649
84 355
355 576
422 405
662 526
303 799
77 51
387 487
595 586
570 390
419 266
635 665
362 159
452 92
433 585
614 742
113 670
705 635
704 493
494 365
811 93
737 69
86 521
92 724
7 592
598 296
401 486
668 519
667 521
123 476
29 528
600 596
434 567
556 98
512 305
67 460
495 345
11 351
501 343
131 347
621 70
260 410
252 507
200 150
60 346
650 342
362 515
465 36
262 472
601 170
382 314
476 407
612 296
57 306
52 2
776 575
801 111
696 184
813 755
735 564
403 439
347 137
253 612
765 605
297 282
719 374
559 653
624 383
60 720
665 562
387 55
254 348
711 167
559 747
486 441
516 492
102 663
555 244
724 143
173 255
486 690
560 650
387 781
467 794
713 707
477 384
39 19
340 519
473 116
448 500
746 759
178 757
644 779
447 504
200 301
37 368
202 49
292 471
184 68
98 375
364 228
758 112
604 667
676 130
164 788
462 663
23 239
316 703
225 547
668 113
35 813
120 614
187 274
719 565
237 528
480 145
726 651
499 162
503 277
730 331
469 720
136 156
86 444
545 32
783 465
509 617
188 817
734 661
565 457
655 542
1 475
624 123
217 432
737 231
630 779
108 73
797 432
548 128
388 266
67 481
713 334
107 351
763 786
480 178
87 610
795 269
514 342
311 2
56 107
511 565
763 160
246 290
232 151
654 172
475 82
652 198
46 518
638 427
597 612
498 306
9 13
72 250
313 565
490 453
88 272
150 124
344 370
116 227
576 78
664 571
29 63
418 27
350 344
213 552
236 614
246 361
678 482
746 340
420 533
19 92
293 188
136 660
575 554
158 459
547 534
513 460
480 793
392 479
637 566
760 686
749 765
688 786
813 436
704 66
616 453
77 629
342 85
191 509
69 240
46 62
152 721
620 684
750 519
452 439
571 689
66 396
506 778
639 532
41 581
502 202
342 190
768 410
603 117
75 72
230 412
811 706
71 545
482 269
357 472
55 654
782 26
44 779
494 35
206 432
443 370
283 189
393 26
751 341
445 10
619 707
41 573
510 209
325 143
476 516
460 336
567 428
445 569
281 520
344 746
223 118
510 187
121 506
384 218
278 766
444 281
628 84
652 761
343 622
602 379
501 132
86 210
520 466
721 12
53 641
240 718
443 75
43 327
678 10
792 573
382 320
550 572
727 193
233 137
701 672
485 365
267 343
646 121
229 122
440 98
274 424
609 800
135 649
487 462
627 97
457 372
312 262
587 200
114 472
454 65
438 602
698 322
38 116
603 369
587 223
211 87
408 491
494 503
181 717
528 26
394 223
419 344
97 376
598 418
370 345
809 141
586 752
468 340
180 609
455 583
342 585
203 699
383 793
762 304
302 582
173 437
481 639
676 701
404 538
283 56
634 803
571 362
769 97
702 427
189 23
216 685
484 355
588 74
296 635
40 5
381 229
667 363
93 70
355 802
265 705
224 463
156 432
735 26
111 353
326 453
180 278
567 382
230 194
549 812
397 47
608 210
347 102
358 368
75 385
363 372
300 702
341 292
487 168
390 385
139 635
428 204
275 406
450 287
722 430
639 751
695 706
396 120
793 672
632 301
785 665
192 703
629 811
761 629
764 179
690 461
254 367
684 635
130 754
52 693
411 213
501 616
687 257
475 677
86 82
386 419
197 245
144 750
476 44
769 478
602 280
771 89
323 675
233 41
199 787
807 280
310 131
199 279
811 513
410 4
358 679
57 424
417 427
409 502
213 568
236 34
550 381
527 144
573 447
427 348
300 406
698 255
820 266
107 20
725 12
789 135
729 365
308 816
341 564
374 247
8 322
617 783
118 667
664 59
332 716
260 592
470 713
434 38
664 269
231 650
66 482
253 78
16 109
113 626
587 647
397 140
156 286
385 55
560 77
400 452
92 310
287 49
251 170
466 819
794 781
493 809
421 92
468 497
236 424
748 117
737 483
18 35
788 627
46 574
617 514
313 549
491 674
803 321
499 475
191 524
526 527
610 108
404 200
68 629
299 367
771 206
215 633
259 47
268 251
486 668
402 526
444 207
74 601
151 564
69 230
554 398
601 124
814 324
427 88
813 809
235 541
673 331
399 656
381 677
526 637
655 684
387 620
381 600
777 802
497 11
265 22
441 329
745 599
344 110
522 409
166 684
627 138
253 239
454 816
367 570
60 4
156 209
754 536
158 279
639 556
465 149
760 227
801 284
523 667
776 103
80 404
658 613
222 449
155 257
57 644
53 249
237 14
594 750
660 1
691 802
284 65
414 797
453 672
263 177
517 321
547 689
233 251
295 352
776 34
160 793
361 53
332 134
303 522
22 32
709 78
55 124
283 740
222 313
792 544
6 216
448 278
235 479
639 78
293 771
524 742
543 209
522 15
385 60
528 526
307 74
495 577
378 276
802 80
703 93
797 8
607 740
492 425
686 569
408 250
146 506
190 586
607 642
663 225
812 375
226 270
502 62
54 788
293 606
754 643
231 545
508 765
364 172
312 58
671 474
396 266
68 373
622 599
573 325
746 642
141 290
12 251
282 250
446 195
189 244
340 436
606 502
301 28
773 576
67 16
274 659
66 314
23 246
424 146
225 258
481 437
134 9
180 758
475 206
170 749
50 530
550 178
674 532
203 54
814 577
433 268
582 652
174 3
425 124
213 615
321 384
450 90
322 23
557 390
642 361
139 58
242 401
768 812
421 692
791 306
693 656
678 246
144 537
275 709
610 17
166 142
341 313
368 112
422 519
483 323
429 568
29 83
102 555
311 446
677 153
73 619
481 676
722 725
93 715
748 169
779 43
771 354
247 433
80 745
310 152
813 37
50 401
113 504
629 63
780 504
260 438
186 115
677 642
476 568
