1000 9893
694 951
381 392
842 874
534 556
276 788
959 49
603 75
125 786
243 584
959 134
321 278
391 531
289 368
184 26
994 567
986 514
579 883
76 378
543 980
707 69
109 32
19 200
631 191
355 96
411 946
411 442
592 149
919 474
316 781
362 324
163 269
152 837
264 287
69 468
734 478
50 387
227 623
326 92
433 902
71 424
628 539
86 984
813 759
26 219
706 585
303 693
306 379
649 767
339 129
913 690
970 805
664 712
862 751
101 391
266 555
794 454
137 985
104 516
710 690
556 332
776 980
530 947
570 464
917 109
413 222
408 467
9 497
123 831
214 298
417 116
781 728
375 797
980 929
821 483
789 645
648 615
703 963
457 871
726 288
270 266
57 191
186 541
229 985
730 94
761 97
143 425
57 808
132 190
997 452
925 359
218 285
866 385
853 133
602 391
467 423
468 980
861 523
847 584
4 150
245 230
192 926
428 791
948 461
571 666
734 442
661 992
22 854
278 204
689 747
514 868
583 211
841 432
969 331
516 152
757 236
169 371
353 254
525 214
191 934
107 43
809 291
3 244
278 46
705 498
444 258
368 464
664 693
37 413
75 550
97 98
335 216
391 154
875 959
831 521
642 116
557 878
442 158
50 577
483 998
616 977
839 681
821 207
615 134
620 536
824 793
141 657
172 87
402 300
784 427
197 906
54 13
592 612
93 553
846 25
189 810
102 825
109 871
177 726
90 849
439 626
134 4
82 430
546 220
416 505
615 280
733 618
366 109
574 566
959 504
842 555
622 290
366 476
904 493
959 73
85 444
177 769
416 199
934 313
94 554
114 476
299 370
621 299
627 678
845 291
369 234
846 580
904 203
789 75
691 645
155 38
109 232
242 459
463 529
726 921
907 849
469 160
860 983
352 914
668 2
942 609
688 832
178 818
485 950
273 14
957 60
829 31
65 364
23 456
322 629
877 304
98 492
226 153
559 73
568 370
531 488
734 33
662 834
918 312
334 691
231 25
787 707
681 452
59 360
795 348
809 8
926 998
144 426
272 255
662 940
538 246
390 675
859 574
164 354
140 257
770 5
771 868
776 654
407 624
33 599
533 802
846 232
573 545
206 58
564 904
619 303
33 704
343 487
642 890
571 64
760 903
513 207
310 135
223 738
159 422
86 813
366 158
205 36
579 491
836 474
893 151
972 778
115 267
43 38
284 260
830 950
459 310
441 807
406 787
333 721
377 929
531 874
53 242
601 753
227 163
815 546
87 407
83 865
191 77
481 572
83 992
503 327
531 72
90 280
441 626
599 425
115 673
550 247
41 453
114 565
112 380
158 377
360 653
108 27
553 418
791 872
577 36
170 626
874 750
636 513
586 314
758 199
221 325
757 819
539 96
795 26
961 822
946 162
739 361
316 430
724 19
605 272
988 408
58 725
330 350
41 897
815 697
432 258
361 380
767 44
262 715
145 611
516 630
376 486
206 372
795 135
616 922
528 44
896 512
646 604
207 9
387 587
284 821
448 683
58 422
119 755
409 816
284 932
974 27
833 901
776 904
465 121
610 355
305 464
401 785
254 909
699 768
853 546
30 98
968 255
54 356
294 439
738 985
561 880
288 12
609 643
991 438
915 841
595 534
294 29
885 791
212 907
599 327
753 345
958 248
489 242
394 587
214 88
864 653
646 341
759 500
962 22
411 772
29 333
514 943
130 932
496 172
303 131
655 94
901 811
805 333
402 208
442 869
369 771
188 321
207 551
268 745
947 808
971 42
847 631
168 252
100 782
749 369
736 816
899 166
729 253
97 891
945 437
948 252
433 153
352 814
733 270
878 841
193 95
633 906
925 262
672 730
663 404
27 702
671 889
639 53
453 136
935 820
165 516
738 454
352 117
633 228
7 353
689 138
84 692
250 668
608 806
609 83
976 698
496 820
390 506
525 373
429 288
10 287
245 676
521 803
733 242
951 191
392 746
194 522
682 759
186 486
609 686
457 649
423 420
542 170
409 558
637 120
831 971
471 790
954 86
697 172
57 77
573 672
491 495
445 974
428 540
17 591
513 834
916 377
4 851
223 361
692 480
626 92
440 161
518 364
998 868
912 843
855 997
626 431
78 774
739 760
925 279
854 167
268 574
41 396
133 420
299 580
782 51
677 295
130 682
494 673
79 765
968 147
373 976
579 541
472 447
365 588
442 603
31 527
16 348
14 763
831 285
476 456
356 992
511 324
22 177
408 581
210 817
690 103
656 155
785 313
144 79
842 186
996 843
816 465
818 131
813 508
546 537
159 30
89 886
552 378
755 661
516 733
612 778
738 605
29 574
432 40
580 191
570 501
552 664
629 918
686 799
120 378
87 78
548 428
660 230
552 551
718 84
77 116
849 219
587 811
125 872
107 805
242 4
670 106
301 765
803 583
475 694
632 499
9 206
925 40
46 807
273 705
989 929
868 54
173 936
355 743
302 692
928 355
621 298
961 493
501 476
892 259
51 357
490 847
308 380
830 564
95 20
995 26
977 635
227 100
283 182
644 758
841 314
198 295
805 261
878 709
844 493
421 12
783 370
202 189
352 514
20 379
245 423
605 617
515 769
648 446
942 320
150 12
279 241
338 335
410 64
249 984
625 597
224 298
26 16
887 973
801 994
870 398
664 658
75 709
594 943
826 506
31 150
210 55
672 992
750 965
287 969
453 465
747 501
694 284
417 352
881 827
219 188
438 478
742 40
350 317
510 508
920 248
841 602
385 492
411 620
375 855
986 488
650 3
427 134
472 541
777 156
560 284
816 758
673 83
401 368
475 515
497 463
117 942
866 459
345 51
240 311
757 766
204 210
920 547
230 854
895 576
307 235
610 976
561 405
670 514
692 254
674 577
442 817
5 673
218 756
365 387
279 55
248 623
343 864
291 925
737 701
610 165
463 187
891 692
567 561
219 687
718 472
50 255
245 618
662 990
476 165
295 803
979 70
49 183
490 25
303 164
757 453
266 950
289 639
417 546
92 100
684 306
650 528
135 216
440 620
537 386
646 748
993 832
528 203
361 46
159 359
953 434
681 995
702 727
195 147
713 466
581 747
323 247
548 484
641 142
842 793
458 850
186 293
446 243
67 250
143 657
879 123
494 223
501 705
816 771
263 632
986 127
471 757
328 637
293 757
812 727
911 45
488 598
643 835
327 474
630 721
354 683
636 98
484 759
359 965
659 128
259 731
412 491
436 481
389 310
152 984
355 243
598 157
14 450
915 373
19 424
419 118
153 670
49 541
250 118
838 287
394 908
514 609
730 748
113 406
300 730
94 48
108 143
936 418
114 824
979 260
201 832
199 821
334 744
351 586
687 172
448 891
113 444
571 463
296 831
226 416
671 888
499 615
65 667
707 684
818 367
927 403
443 286
690 303
104 518
124 601
175 847
200 57
608 918
625 968
590 874
37 144
168 535
997 812
509 898
335 570
965 415
197 549
480 973
77 79
793 294
388 526
688 60
57 483
258 858
980 931
447 155
933 743
181 66
704 933
997 224
881 271
368 678
995 259
82 920
411 474
347 516
458 672
759 475
562 821
674 935
345 107
611 320
313 517
631 157
812 985
619 701
695 476
715 238
278 480
61 976
9 877
691 329
361 878
179 29
400 286
74 333
183 573
312 698
421 504
169 87
279 14
355 163
293 190
540 437
443 769
287 400
313 961
207 201
637 772
486 816
35 344
814 210
546 820
552 93
796 600
49 453
654 554
608 852
680 161
275 903
202 685
330 486
261 696
488 257
177 409
715 921
901 872
477 198
893 830
479 653
408 2
907 88
262 648
807 451
189 808
7 251
889 568
472 740
471 494
437 42
936 647
812 490
465 209
34 934
676 585
367 798
738 926
760 698
389 472
533 925
817 533
600 931
532 8
423 960
593 110
893 467
722 541
85 299
290 634
470 511
74 572
133 229
744 908
838 554
143 316
950 932
97 742
728 384
982 501
839 404
861 764
471 880
807 762
645 235
526 102
106 655
839 37
291 531
386 805
994 78
495 640
80 673
155 145
269 937
198 81
291 881
847 332
26 238
585 853
291 222
936 9
277 287
940 561
903 447
170 833
525 73
763 706
325 483
589 790
108 341
443 120
766 857
671 816
747 214
665 239
889 777
62 941
712 782
766 449
576 527
307 47
150 464
719 387
588 100
803 38
481 717
69 611
702 824
918 981
447 391
450 489
570 406
682 716
974 428
850 902
82 284
458 831
901 767
849 198
690 942
593 57
189 558
523 274
191 96
198 836
494 179
764 21
747 961
342 103
164 835
950 614
510 953
561 645
263 821
359 928
530 460
514 969
30 252
825 248
627 253
772 273
216 452
856 674
622 905
201 595
346 652
442 847
901 196
333 898
819 210
400 471
536 611
655 282
114 898
176 187
72 702
610 162
926 806
417 854
128 751
754 709
847 288
27 807
374 658
467 44
586 26
400 915
554 572
989 96
19 952
793 316
606 180
466 31
521 131
393 520
871 205
486 181
572 814
318 626
410 884
81 158
483 542
444 776
391 787
712 8
875 564
345 389
555 434
122 497
234 455
237 932
424 863
21 355
774 99
354 640
794 933
392 445
194 889
780 720
206 720
313 973
691 944
545 727
888 643
968 991
117 784
479 153
320 574
392 155
891 201
610 659
312 978
83 785
392 106
804 855
17 643
271 306
938 569
382 654
218 439
866 363
387 190
984 226
221 645
153 669
578 198
562 707
943 66
160 339
145 1
601 514
403 953
50 446
124 775
671 581
692 608
16 385
805 143
278 1
619 173
54 760
715 670
311 203
723 251
979 101
525 401
801 937
567 826
895 409
936 848
520 623
765 368
207 866
914 592
396 730
573 502
23 533
157 515
488 998
767 800
739 979
932 74
429 122
730 630
805 964
713 380
76 548
851 490
124 312
569 669
37 907
958 553
465 244
752 960
72 338
471 442
242 30
519 136
890 850
656 938
289 55
53 22
352 870
960 780
744 243
471 664
204 53
669 93
135 168
255 602
863 283
459 65
887 129
599 269
964 670
606 752
748 597
679 181
20 755
909 311
673 356
715 225
329 574
346 580
350 132
189 26
265 762
32 219
936 353
331 361
840 339
351 890
325 859
58 966
955 707
32 953
201 982
653 30
196 607
128 727
684 948
634 471
766 712
931 789
533 553
311 47
426 855
407 377
965 62
433 101
549 319
110 735
537 351
776 661
745 476
709 57
512 619
125 290
646 538
166 976
451 195
707 536
944 454
435 913
96 135
353 552
615 272
822 106
719 790
241 683
376 861
368 997
756 696
461 356
564 491
565 862
445 407
751 903
243 404
336 210
324 947
454 518
381 574
735 403
652 965
854 487
223 657
740 458
125 682
806 213
790 718
976 288
298 308
27 286
803 848
236 221
880 332
536 520
501 252
212 385
226 38
866 130
245 199
448 23
677 170
145 457
771 429
165 902
793 613
138 106
44 729
204 575
361 619
351 952
790 266
115 660
303 926
745 781
984 359
767 420
188 847
961 585
828 542
111 561
644 618
301 121
193 656
659 923
344 740
92 386
223 525
444 519
414 443
14 785
680 301
159 340
370 431
867 833
82 507
358 340
350 730
935 732
318 550
160 704
180 515
643 159
556 166
314 329
261 462
579 351
962 589
926 48
497 565
813 475
587 171
262 320
764 816
731 588
345 486
124 483
775 362
191 99
342 430
267 595
696 703
884 598
200 526
163 642
350 512
532 74
815 702
321 270
817 641
251 77
507 39
221 877
630 715
935 447
17 678
843 798
345 477
535 956
386 629
575 431
616 148
193 101
32 37
160 106
278 124
682 35
627 435
762 789
506 87
368 92
921 794
255 449
386 774
635 367
644 921
277 592
901 417
795 31
874 636
1000 975
490 357
953 907
363 872
793 754
292 130
495 901
27 727
818 246
803 746
207 962
371 312
961 710
176 826
799 226
750 884
328 197
537 279
167 628
775 885
797 989
231 877
188 774
755 847
392 753
745 293
671 53
139 108
306 663
446 460
723 282
907 99
621 795
927 876
42 902
345 544
111 9
242 872
423 445
150 735
34 842
197 720
698 471
204 300
281 525
787 279
471 262
366 40
742 275
760 755
569 788
994 576
631 405
389 160
268 823
679 3
511 757
403 508
183 120
228 367
636 124
288 76
566 403
56 472
75 404
170 416
998 974
982 451
363 401
517 70
100 944
568 482
678 91
941 834
596 432
942 668
786 504
57 716
935 951
593 898
207 326
799 642
895 595
306 21
804 276
680 794
292 448
574 506
706 722
247 758
783 586
550 323
628 615
735 845
187 363
409 213
248 363
656 178
306 375
645 78
255 168
331 648
207 21
29 478
830 202
729 702
894 192
400 670
956 196
542 636
676 994
36 385
202 617
276 496
298 616
443 385
689 105
893 905
270 722
453 568
661 3
977 438
63 825
157 292
31 287
694 117
533 57
458 997
719 674
500 628
998 479
177 575
548 538
396 799
386 646
484 635
509 595
863 612
96 568
126 294
76 849
858 100
622 822
60 742
741 233
617 283
254 844
413 286
405 198
735 463
494 475
777 43
394 765
490 854
934 499
496 203
939 331
208 735
709 817
851 506
123 285
749 449
369 957
579 542
49 575
499 928
877 285
917 902
369 526
320 118
55 555
162 873
236 314
511 240
576 167
539 45
776 297
745 784
541 759
698 646
477 81
779 841
151 272
296 910
656 158
714 108
958 932
883 559
149 831
443 94
742 342
743 235
387 442
692 109
720 880
202 49
187 85
188 906
559 757
14 826
2 834
404 210
224 691
50 630
881 796
73 303
257 432
115 100
711 976
31 354
953 488
536 256
292 670
367 58
320 955
768 979
328 842
458 793
557 295
850 819
501 869
906 97
926 100
234 540
487 834
163 536
371 733
264 673
781 964
894 523
492 447
54 466
592 878
464 408
240 851
893 465
640 443
380 260
492 462
330 561
96 691
316 636
354 427
986 164
859 350
678 822
881 442
113 16
441 745
484 649
711 314
562 934
880 476
734 267
899 850
223 458
44 843
260 792
796 250
305 689
269 86
464 770
322 736
24 854
563 959
636 735
140 84
343 959
269 824
577 741
453 898
999 16
214 968
605 185
589 788
770 110
438 768
455 866
866 775
957 764
559 280
193 764
197 167
612 858
956 308
164 302
499 387
448 579
676 939
681 635
280 956
818 226
73 773
875 701
110 474
555 571
385 199
724 558
998 133
376 916
216 937
231 558
894 506
851 421
731 139
233 357
474 400
223 639
906 612
741 510
941 748
621 600
967 620
593 63
703 950
738 393
957 557
406 791
264 812
816 745
321 269
403 623
455 190
772 652
901 32
522 855
464 275
618 956
268 995
786 864
806 359
38 253
924 246
839 485
217 110
551 433
458 320
95 117
425 25
522 649
42 244
156 927
730 308
35 726
271 510
4 219
522 536
856 961
469 305
342 545
71 157
865 628
277 750
169 429
26 302
870 743
563 253
514 523
947 779
93 278
735 987
377 195
532 823
257 899
518 774
151 491
410 163
505 359
14 545
654 870
11 749
475 504
295 685
5 636
743 51
391 222
837 58
750 885
435 940
205 640
10 446
606 648
924 912
793 45
957 994
135 106
229 411
780 797
860 19
842 546
32 529
370 291
285 545
462 407
159 374
31 314
915 623
879 422
57 347
958 563
442 391
854 608
466 609
225 782
122 674
393 970
718 227
142 719
418 399
368 558
185 104
313 680
651 839
266 299
360 130
256 461
129 625
223 369
575 236
423 883
336 155
742 535
29 216
213 299
938 136
647 544
482 284
564 194
378 349
86 154
70 639
234 921
825 282
184 142
994 675
786 215
84 435
206 434
830 148
473 946
207 464
504 905
395 746
342 589
697 562
383 179
365 612
710 344
892 667
288 521
131 69
745 827
447 807
526 382
987 786
680 938
576 203
747 114
486 922
52 284
796 631
980 276
339 132
656 194
819 654
344 558
476 59
115 877
210 107
515 278
384 308
519 710
775 856
614 192
82 49
991 353
870 41
581 938
241 609
385 271
224 785
812 114
854 541
46 590
86 651
590 11
820 532
750 333
623 847
988 706
349 792
158 212
81 410
656 940
472 553
824 446
520 720
121 116
4 712
170 208
973 8
322 182
858 101
694 775
419 807
792 267
223 341
982 903
264 996
411 887
198 541
494 204
952 81
275 228
332 467
119 53
434 447
401 206
226 300
681 506
317 466
84 451
302 638
449 218
821 930
576 818
147 655
520 403
773 975
244 649
351 215
189 605
18 992
635 441
981 157
90 638
291 969
981 737
334 553
178 109
884 639
939 790
743 260
505 430
412 910
73 146
421 680
315 189
260 746
896 686
699 275
240 540
903 485
923 427
690 498
130 3
534 457
171 555
410 445
940 752
269 582
131 637
614 236
393 582
653 416
23 680
489 446
754 83
42 566
133 669
389 291
228 797
836 92
987 216
881 637
894 961
115 389
63 173
671 290
713 632
589 149
39 180
833 611
603 975
542 21
212 856
114 271
34 758
901 113
720 879
665 543
652 967
564 267
70 564
416 75
786 854
825 225
147 973
701 398
657 1000
655 109
367 735
26 553
281 233
446 714
88 994
459 845
478 59
709 41
527 212
820 322
472 496
951 1000
408 346
627 888
320 36
924 200
107 236
179 235
330 69
444 221
744 587
429 783
230 217
435 386
41 799
938 535
244 818
870 986
417 824
783 653
606 992
992 948
847 510
226 500
64 455
227 949
684 553
244 208
432 490
250 609
724 938
549 465
211 729
943 553
713 216
72 208
322 428
21 249
595 220
675 102
305 350
45 236
695 73
333 757
646 663
842 124
145 818
897 163
42 554
479 627
405 892
581 755
565 670
498 43
247 356
29 977
902 222
25 570
229 826
690 828
695 525
953 86
241 228
48 10
884 157
262 712
430 318
968 565
602 279
377 533
877 928
245 933
18 247
274 13
402 86
522 807
482 488
506 482
53 415
700 622
882 841
575 318
133 343
144 944
680 514
716 192
114 558
425 937
134 835
947 44
571 872
164 258
93 484
700 332
22 928
170 639
887 286
585 291
931 608
36 836
227 755
690 201
272 764
749 682
1 532
754 704
331 529
282 119
785 110
265 867
50 251
503 823
73 170
224 202
244 133
101 540
283 579
233 428
790 118
920 444
320 964
75 778
641 785
803 318
183 91
576 317
153 28
585 267
393 525
799 125
452 104
332 518
99 789
831 556
548 258
487 598
571 99
516 800
975 717
828 859
909 719
733 907
147 472
194 965
851 554
930 49
95 519
133 870
869 44
38 941
959 63
907 720
637 177
51 530
364 699
570 890
593 427
778 335
372 874
268 817
160 170
364 714
751 814
916 721
497 495
78 700
338 941
580 692
895 659
859 409
398 7
643 905
647 944
27 299
230 886
605 794
80 4
455 451
437 596
595 561
282 919
501 257
710 447
105 796
288 672
592 282
331 334
706 270
264 261
179 178
826 919
760 533
994 117
210 548
179 803
194 625
314 518
187 764
979 264
726 535
641 919
880 195
532 980
75 931
300 964
440 299
306 373
270 105
154 129
343 401
672 590
503 904
839 562
879 513
542 723
482 645
357 791
31 106
453 260
515 281
849 583
900 837
595 39
44 231
853 867
899 647
314 45
44 118
80 411
257 975
492 800
167 888
633 442
335 518
604 205
987 255
401 752
76 438
148 27
924 708
63 136
817 412
950 400
479 984
41 540
219 959
546 37
656 941
436 909
328 526
366 458
61 552
777 847
280 433
802 266
696 889
864 575
649 389
397 851
227 145
483 251
484 768
927 646
860 683
455 129
777 41
725 355
651 576
132 567
402 158
464 619
781 610
89 114
435 26
401 94
330 844
493 752
41 503
26 581
528 911
302 494
344 32
867 140
596 470
398 231
821 579
112 155
117 422
444 58
687 110
503 729
714 136
914 438
499 538
151 445
92 667
643 29
202 503
704 29
297 473
631 626
871 419
779 44
34 399
698 998
408 242
486 225
469 925
36 336
510 235
591 6
386 419
116 166
529 593
513 372
586 898
958 750
286 43
345 749
607 953
370 360
977 400
513 22
641 89
52 403
353 354
492 554
994 804
918 670
280 286
250 35
695 552
996 121
30 345
915 245
934 307
384 635
374 74
521 366
575 39
262 636
159 780
735 301
781 565
428 803
915 467
424 342
133 370
706 84
642 998
553 319
381 910
857 903
939 454
728 307
14 446
308 671
718 914
350 502
460 626
120 547
562 646
818 796
835 646
106 538
782 899
77 877
40 164
615 655
537 621
754 733
884 604
956 97
665 626
353 28
406 6
32 567
239 760
330 292
921 383
761 120
279 381
62 887
672 519
217 430
889 156
728 798
803 204
514 105
73 495
571 376
828 265
776 692
872 937
263 62
391 5
654 693
681 633
811 710
115 213
153 432
853 795
567 29
56 677
316 38
367 491
741 282
633 385
500 648
30 249
858 486
215 167
402 512
318 692
615 390
301 570
160 562
752 956
437 10
994 857
811 885
650 445
212 782
484 107
584 441
638 844
696 723
493 227
630 812
835 8
33 6
949 16
219 383
437 300
243 629
889 426
990 162
782 432
12 992
255 910
241 13
366 365
496 674
441 666
597 511
816 634
726 221
549 636
713 966
532 270
181 856
790 894
156 430
131 431
62 245
544 340
17 935
517 111
161 546
673 289
468 923
765 923
217 157
825 478
38 477
425 717
630 283
558 740
761 472
853 40
670 662
537 815
614 783
886 32
724 315
507 725
74 16
994 193
718 552
1000 818
539 23
481 99
357 528
853 763
840 566
14 551
698 700
515 30
843 445
558 160
500 40
853 620
31 224
876 323
742 616
515 175
629 21
22 493
478 739
585 87
16 214
129 489
832 680
500 974
581 35
492 942
419 352
662 172
332 519
427 797
85 841
11 90
430 608
440 736
315 672
267 773
175 916
661 93
121 370
815 904
686 512
983 70
76 18
381 272
465 203
214 368
53 62
626 848
475 836
354 527
63 117
393 89
216 596
34 861
327 320
811 127
647 653
25 646
835 373
747 929
859 363
660 872
351 479
479 42
835 258
28 796
218 435
865 692
369 773
958 431
714 947
91 522
535 675
739 92
902 662
9 709
866 396
477 936
913 549
23 508
814 473
981 360
841 413
469 580
934 918
495 708
683 658
406 95
118 981
412 932
509 488
330 237
705 495
227 639
357 564
329 619
393 396
801 941
969 3
533 898
573 385
10 449
338 50
339 375
343 327
935 899
607 678
867 881
25 4
561 458
620 563
135 119
492 914
372 356
923 668
832 435
836 235
603 736
694 217
858 632
902 490
227 427
449 626
855 462
512 336
471 449
149 333
850 842
524 399
516 940
911 505
73 995
204 339
264 648
119 352
584 497
589 64
734 982
61 664
214 126
130 787
366 293
494 478
692 413
472 248
717 377
347 648
507 131
616 239
433 150
450 691
430 568
778 981
298 729
914 149
960 332
383 158
209 841
729 178
531 356
39 901
615 618
550 275
553 13
538 507
350 309
245 1
121 19
128 683
263 352
214 931
966 498
239 596
900 516
595 484
501 42
370 564
485 381
92 572
505 639
324 197
517 525
372 201
928 991
840 187
788 699
607 811
649 517
918 708
101 134
820 724
231 519
860 213
224 831
983 153
716 564
128 53
936 652
422 683
719 643
217 603
713 638
716 651
842 858
113 858
76 298
313 104
225 820
485 362
852 3
259 863
415 489
722 391
193 410
673 73
311 903
77 801
857 691
825 231
844 5
955 868
308 378
38 39
386 540
152 998
29 416
397 444
916 1000
922 621
151 141
622 720
292 293
360 149
648 469
801 785
130 70
984 77
549 923
880 46
234 754
554 803
153 970
163 296
253 585
490 269
334 734
202 409
738 55
763 616
72 613
714 60
127 961
225 89
460 928
615 876
727 790
84 788
140 38
432 354
163 415
437 282
335 133
942 151
357 989
875 912
417 536
288 896
533 954
42 871
276 920
889 780
999 55
67 712
529 931
822 296
220 506
985 311
443 349
484 423
266 254
49 198
219 178
646 661
168 724
82 390
889 622
250 944
489 408
570 403
332 962
647 117
172 155
500 568
146 634
474 415
241 440
521 606
650 442
356 95
393 979
929 225
52 368
125 774
551 878
664 114
25 568
389 39
275 224
608 42
820 71
521 312
260 276
243 628
206 616
389 72
356 189
138 968
893 498
809 629
725 681
602 36
271 293
855 441
113 49
949 261
761 765
743 821
355 76
321 44
801 184
950 901
403 706
612 172
260 217
173 680
37 545
804 542
770 666
74 319
632 977
264 363
122 35
85 164
895 940
623 669
723 535
944 792
743 616
877 482
931 102
541 523
304 534
822 968
179 886
143 979
936 944
196 659
657 423
966 427
325 49
850 400
443 42
356 428
335 232
887 943
230 502
819 695
550 517
76 968
684 527
336 933
407 572
802 606
144 284
300 151
867 21
429 309
289 738
908 293
569 539
42 969
897 59
305 457
396 992
437 252
468 936
99 130
884 267
632 228
815 907
941 700
239 170
379 325
694 28
366 189
43 234
299 4
164 910
898 640
132 428
2 698
855 248
532 205
769 661
842 997
460 96
940 410
160 172
364 708
989 995
367 563
635 195
786 427
448 262
654 4
703 363
118 153
924 68
412 272
435 177
143 736
477 822
973 657
829 7
727 283
819 215
639 510
344 245
770 529
457 314
493 422
627 818
991 317
633 689
445 329
191 805
583 231
362 505
494 879
743 285
988 884
107 71
932 188
53 949
554 906
918 507
723 785
923 339
415 698
54 765
917 689
353 948
150 758
338 51
587 870
139 174
710 795
803 135
107 754
422 851
871 236
28 906
760 87
745 261
284 903
655 688
137 344
660 346
422 573
922 477
451 31
489 336
664 140
759 621
246 832
617 108
555 283
215 991
147 359
841 544
885 835
626 822
910 512
696 652
806 625
533 295
241 209
493 237
545 505
251 920
548 740
553 918
570 796
726 448
296 961
976 27
61 663
243 556
122 935
13 532
34 721
455 131
590 458
848 229
901 101
432 582
797 180
636 156
928 205
88 666
549 563
921 948
683 821
398 351
959 896
284 152
679 257
661 790
80 781
494 569
577 219
423 711
923 323
735 676
692 188
535 710
631 953
138 799
88 39
363 159
808 288
866 106
529 122
566 959
53 792
978 515
418 649
391 492
468 289
805 174
537 512
990 362
995 560
407 646
248 169
823 286
150 236
82 238
395 215
876 388
789 267
537 290
323 889
567 138
254 131
92 42
76 871
750 94
244 413
542 604
563 611
362 800
860 39
951 152
250 548
758 642
125 31
860 214
509 928
936 766
738 694
760 994
164 866
580 53
985 899
860 325
988 818
510 602
814 626
194 779
747 701
437 421
220 603
630 966
426 182
263 831
633 221
739 586
61 586
685 528
817 664
782 474
324 952
790 993
113 955
380 391
743 899
1000 397
911 99
880 599
204 165
705 840
783 99
973 631
357 768
62 174
928 88
639 592
930 682
264 2
783 379
438 728
297 136
652 518
412 719
204 617
596 347
248 457
639 263
487 26
497 645
115 242
444 335
796 916
466 275
799 471
268 29
197 385
235 210
309 839
770 251
883 670
699 16
25 304
903 437
575 808
889 49
410 250
641 590
144 418
733 480
510 43
665 241
538 97
741 550
410 412
158 790
688 665
92 14
438 38
521 786
120 191
862 969
132 772
461 80
614 30
279 803
963 274
140 619
417 234
826 6
789 114
349 955
162 158
864 812
485 888
227 455
536 541
43 30
691 858
566 366
894 555
199 403
756 520
78 564
940 439
657 687
247 717
364 737
167 842
39 443
984 653
146 909
924 835
122 991
764 386
892 207
843 49
839 336
967 799
894 773
643 765
97 683
773 98
619 746
52 949
398 217
626 494
981 112
958 388
126 665
80 888
611 495
870 714
406 343
762 897
47 99
909 324
485 978
35 683
537 813
790 457
884 306
979 384
763 297
783 460
252 786
649 915
758 108
248 485
797 645
965 846
458 71
644 789
885 103
279 274
522 294
469 640
933 305
975 138
980 252
619 84
972 490
823 326
127 885
224 188
427 625
598 790
784 190
404 807
667 619
165 945
746 992
799 126
660 464
145 901
609 440
37 703
10 269
546 459
659 664
935 767
918 907
479 707
745 185
930 124
512 374
713 475
417 246
932 563
972 576
510 515
457 661
756 479
551 402
318 342
176 379
124 385
72 316
13 125
315 896
834 656
232 34
565 864
414 852
649 285
919 66
212 915
51 535
825 60
457 85
721 243
213 311
547 523
159 817
200 702
856 824
574 976
575 121
868 245
688 595
319 703
364 852
627 614
705 816
373 674
393 394
506 5
92 846
578 81
869 638
336 90
140 468
535 701
668 66
389 623
293 131
403 959
387 66
597 981
732 700
92 515
572 277
934 916
993 328
183 930
173 318
156 524
585 902
369 660
878 849
322 855
326 887
440 834
644 664
149 806
222 932
481 254
585 224
567 816
880 932
148 482
748 746
589 681
451 529
651 330
319 424
121 433
837 427
89 905
719 907
784 112
324 385
772 893
220 338
607 459
64 974
50 689
676 717
695 291
629 555
635 674
887 243
768 123
546 639
399 151
916 35
775 280
768 610
963 8
266 376
820 903
164 931
467 666
229 895
657 742
30 352
214 13
933 625
860 567
830 459
119 128
636 46
393 196
789 622
207 749
632 701
416 914
340 539
943 270
156 940
229 674
756 134
592 362
1000 735
195 895
550 946
93 440
75 149
916 837
619 976
714 751
89 273
606 238
643 352
844 679
269 636
744 595
178 105
839 860
967 299
435 426
58 947
107 779
960 27
615 757
687 216
1000 780
41 351
607 337
23 224
481 169
814 213
83 77
837 220
709 211
567 999
476 100
611 995
671 837
193 654
840 479
788 615
405 17
537 466
684 359
478 840
759 850
283 775
615 722
474 278
772 849
86 338
465 185
746 218
370 270
321 949
893 138
823 739
95 600
974 373
725 945
124 56
17 914
218 53
791 781
510 821
459 261
223 292
834 843
191 218
468 573
470 391
772 661
241 77
593 496
79 433
262 627
161 268
255 612
290 616
644 367
847 864
521 252
498 967
338 880
292 319
152 1000
134 712
104 481
105 840
437 905
739 9
706 450
361 819
975 652
2 477
494 837
64 142
373 956
322 586
170 248
35 543
587 218
127 237
151 109
300 617
839 832
986 660
53 891
973 954
888 666
135 953
563 898
156 628
784 949
783 649
662 970
832 929
690 3
481 440
457 188
822 860
767 128
789 302
791 368
685 141
633 164
409 946
836 783
901 949
153 437
923 681
770 316
811 584
594 88
979 750
195 191
270 655
147 448
864 190
155 861
682 582
116 970
618 372
466 521
68 853
297 350
180 303
111 209
422 292
426 171
194 159
180 478
660 992
437 297
864 523
67 100
885 939
947 628
506 268
488 371
40 696
419 995
743 934
643 764
277 934
26 742
853 732
190 909
601 874
928 246
503 350
752 458
347 754
97 539
100 922
84 263
47 253
449 134
770 664
679 456
847 922
424 452
208 555
9 686
5 144
31 681
359 268
325 908
148 907
730 972
921 653
169 400
903 869
575 536
389 667
502 316
767 65
678 275
832 239
376 283
504 848
271 22
503 642
306 250
594 617
888 694
162 541
951 287
455 940
81 715
358 185
13 338
804 35
936 891
941 246
348 22
940 818
390 279
274 246
737 226
439 894
354 966
301 889
504 379
529 542
604 118
723 288
63 771
10 157
85 711
481 944
897 131
789 917
239 66
282 643
134 42
68 583
898 943
683 271
538 518
243 308
467 1000
764 850
571 334
513 972
418 392
702 392
911 132
363 564
788 177
441 842
319 809
565 1
693 124
108 684
753 289
695 642
207 776
617 434
782 258
30 551
624 594
125 763
398 11
762 479
130 957
11 919
265 374
70 643
990 816
403 736
815 303
247 825
196 829
13 801
875 385
382 915
866 68
871 520
706 23
995 649
410 17
54 972
891 616
838 49
469 562
771 120
377 934
810 542
796 989
896 711
537 731
420 505
629 69
704 164
836 929
608 899
451 453
433 114
271 421
571 308
537 324
719 116
997 626
586 795
783 999
163 38
905 397
760 234
922 313
797 955
837 426
72 236
880 643
790 656
105 100
110 407
241 612
516 768
920 137
3 584
290 238
232 353
431 963
361 131
841 649
823 873
807 420
685 776
305 381
559 787
380 24
181 217
23 915
167 90
707 97
176 503
952 376
736 39
132 386
595 724
707 14
467 885
457 522
656 816
731 404
129 592
960 946
601 896
142 974
203 717
424 751
186 914
73 133
355 57
321 121
843 988
665 800
83 931
856 353
178 949
105 851
472 106
735 235
26 577
463 948
504 571
31 720
160 263
839 57
826 964
499 960
389 578
365 579
639 365
865 288
752 252
64 65
619 241
13 440
700 86
404 523
499 655
207 70
469 839
842 163
555 934
153 190
690 495
126 253
92 437
635 703
210 72
434 512
272 427
336 766
262 266
746 57
395 439
550 813
316 42
242 712
684 503
285 348
458 944
663 631
189 800
599 885
788 420
42 706
423 67
465 201
251 856
252 247
518 148
884 508
388 889
925 63
906 204
255 918
117 977
248 928
815 528
337 561
855 787
568 211
640 288
933 997
271 194
593 256
632 730
946 624
599 302
86 199
859 453
398 195
661 711
870 16
818 566
1000 685
108 410
717 624
429 877
99 169
310 636
930 795
109 768
94 108
60 196
98 115
325 824
79 911
809 107
704 951
903 657
596 357
210 744
407 966
32 988
643 236
594 642
666 279
244 831
301 336
191 972
224 291
334 296
282 399
529 134
213 757
417 684
847 106
900 574
84 646
582 141
710 982
70 433
713 195
876 633
914 858
864 81
921 14
831 567
120 193
486 272
5 675
954 78
663 554
48 61
216 943
747 637
197 596
718 14
349 953
42 98
137 761
524 451
428 296
820 602
696 616
306 972
38 555
556 44
774 127
831 378
324 181
928 587
365 537
172 948
102 573
927 548
416 142
968 939
74 870
661 392
133 47
975 808
9 17
800 740
527 371
177 859
240 465
882 96
886 632
868 211
355 992
772 552
545 16
472 772
40 584
699 422
739 838
995 208
520 329
542 594
131 288
939 393
152 965
782 65
530 230
89 430
757 999
39 616
243 949
62 475
639 455
166 36
52 725
326 476
740 602
899 635
781 136
657 122
487 171
849 914
889 497
908 781
636 650
412 604
162 939
933 430
940 638
836 850
520 669
374 746
467 52
508 664
532 940
171 840
671 655
785 504
811 561
918 60
900 991
922 179
742 272
687 497
747 170
275 967
22 336
244 416
45 81
713 255
436 626
73 280
955 150
266 145
693 534
140 698
770 257
789 35
537 58
216 175
462 309
894 280
785 836
402 608
375 589
205 109
959 324
858 361
949 862
988 756
359 840
59 552
522 128
82 651
526 712
747 647
575 133
427 221
657 760
859 254
551 156
71 896
369 78
385 737
997 324
177 839
234 880
75 316
807 967
590 493
316 546
38 19
496 166
583 813
605 789
328 598
990 817
950 736
847 377
448 392
356 513
701 147
958 290
386 997
353 382
317 795
520 170
433 151
71 413
990 141
3 133
900 669
336 870
553 495
552 106
310 366
650 987
481 252
892 998
650 938
542 724
396 722
948 935
421 865
615 151
710 681
508 48
279 756
946 134
572 697
479 545
119 606
564 761
391 879
470 812
299 212
256 129
42 382
294 496
792 226
359 391
599 928
962 174
458 593
367 995
578 382
427 342
284 501
473 52
708 166
95 917
227 229
82 800
601 816
674 956
469 32
96 908
759 67
248 867
601 161
928 63
200 954
402 638
222 795
254 322
741 777
502 91
486 636
970 313
678 126
40 830
313 750
282 871
728 203
620 425
105 908
344 212
986 527
951 563
199 814
112 144
437 853
169 495
944 803
999 775
287 411
808 178
990 222
574 409
499 737
5 898
774 904
191 939
508 849
783 695
73 148
205 929
952 753
520 981
206 408
338 240
549 342
733 409
156 80
990 504
295 738
903 368
215 440
510 236
483 864
615 187
340 939
941 990
480 318
172 28
432 177
729 957
348 509
665 421
280 69
416 389
34 76
107 910
172 834
598 762
980 857
604 861
219 505
295 4
152 302
815 829
119 70
773 361
846 945
171 139
635 942
481 359
651 322
470 389
660 957
478 132
209 493
159 65
565 120
108 757
641 706
536 882
791 522
497 426
208 803
27 377
377 748
838 547
342 818
164 566
716 75
683 786
521 115
463 538
238 816
467 479
216 221
308 757
184 315
235 442
725 100
873 556
6 956
438 735
773 702
335 333
541 434
193 300
947 71
666 874
252 777
974 684
616 636
448 158
469 632
52 528
178 999
577 375
101 657
856 186
13 475
364 497
495 617
10 675
823 383
275 829
663 470
776 554
827 104
218 770
177 35
430 879
606 772
684 694
491 331
228 586
210 45
85 975
727 624
999 495
894 3
72 214
381 979
918 883
775 926
44 164
48 175
637 355
286 249
732 89
546 277
56 537
146 255
863 886
371 864
924 666
427 978
597 131
64 593
60 976
320 781
707 171
303 213
928 588
447 108
342 402
897 327
846 866
833 577
480 919
427 240
238 530
500 698
22 975
826 470
63 429
657 684
34 677
203 806
367 539
117 948
248 957
393 258
112 877
285 788
423 457
54 17
606 507
759 11
317 20
394 783
346 516
277 646
667 258
981 238
451 943
18 802
202 199
278 272
670 810
620 497
322 684
803 375
364 311
619 955
23 68
995 879
871 256
728 50
654 350
325 172
145 318
662 869
476 264
903 517
619 627
925 793
74 255
148 602
496 549
465 682
317 585
505 729
897 709
220 180
547 855
188 986
651 466
524 92
304 199
33 927
430 907
35 121
993 237
760 208
617 713
68 247
909 999
328 92
665 67
557 53
997 830
53 703
163 874
92 156
96 427
59 845
294 514
101 218
432 889
125 196
128 66
898 634
703 765
906 81
124 412
337 208
645 575
665 270
522 129
996 216
963 17
312 253
539 846
939 40
790 265
38 822
271 148
403 260
42 76
904 319
189 299
622 963
769 907
42 223
260 42
613 644
805 185
213 22
434 357
507 825
627 536
207 878
403 738
175 78
527 229
290 880
353 268
960 276
853 471
231 487
622 652
766 701
983 586
148 697
226 229
420 422
250 239
217 826
558 999
226 340
944 919
46 187
31 941
69 250
325 128
598 599
603 827
239 575
538 130
390 727
841 115
913 686
257 876
707 662
642 23
443 296
525 362
966 708
366 912
771 566
85 872
997 376
370 712
183 347
229 9
157 316
285 487
290 553
258 929
423 89
65 645
673 838
814 93
416 489
228 320
132 509
133 836
247 298
308 222
937 746
518 57
119 236
467 887
138 829
256 416
367 994
998 889
933 975
679 223
780 722
322 208
455 12
866 405
265 256
578 1
1000 691
873 715
88 781
201 530
934 122
203 460
562 525
815 205
243 577
265 737
361 852
918 160
386 855
539 263
153 576
328 22
526 3
911 719
74 450
2 359
222 218
424 45
499 627
687 116
726 730
322 660
749 731
166 525
580 863
407 813
306 128
948 759
509 391
550 359
527 98
455 993
439 508
277 257
6 705
614 554
870 896
62 861
656 150
620 223
527 701
341 774
917 721
19 906
442 307
741 957
571 12
644 526
611 629
940 869
867 735
525 317
999 458
432 84
810 933
150 450
390 477
286 130
914 903
439 928
885 400
153 335
747 403
91 407
715 41
335 736
854 560
54 136
612 738
284 645
86 570
270 464
806 518
567 120
95 581
186 739
314 412
850 698
209 194
177 940
363 789
324 533
401 496
712 971
228 457
588 345
293 691
705 723
99 380
246 765
742 726
251 514
165 329
42 4
302 562
341 8
658 442
380 482
187 894
375 151
928 92
286 962
19 381
602 707
518 609
644 7
134 862
503 405
610 805
813 896
227 335
31 583
984 117
364 204
98 480
406 425
120 664
796 865
28 411
857 885
880 178
978 739
853 737
610 502
59 356
214 960
966 467
936 130
240 575
168 300
685 377
483 929
154 195
338 100
780 630
713 112
73 401
951 474
664 524
993 192
97 267
889 791
581 73
429 460
586 849
970 752
275 538
640 859
81 799
67 348
358 333
197 961
254 818
880 717
475 35
367 497
3 664
650 325
29 648
30 227
271 767
314 350
82 274
63 943
676 512
129 835
225 762
636 284
375 808
466 516
941 709
773 745
556 957
116 580
318 408
817 559
780 693
86 916
52 236
919 886
497 107
651 372
420 69
641 915
530 435
638 592
553 978
56 86
539 643
668 293
420 558
973 390
497 341
501 389
708 693
913 873
937 365
459 913
920 605
960 666
557 856
248 668
800 51
838 671
255 228
649 818
482 197
451 942
838 302
338 279
970 382
154 355
107 193
14 271
640 842
18 616
222 146
248 489
778 399
563 114
359 495
948 568
953 914
478 459
463 61
784 916
235 178
571 444
83 41
929 41
170 831
304 361
229 711
714 428
220 181
936 894
24 600
352 101
277 328
706 792
747 172
486 208
413 701
291 450
791 401
228 623
409 915
790 64
361 394
716 772
552 317
549 369
466 115
229 387
193 917
214 569
713 334
297 983
33 170
844 819
180 744
197 566
293 823
846 93
974 406
557 214
65 696
618 452
621 931
17 829
567 285
954 834
869 85
212 808
198 783
203 999
871 74
498 217
378 387
878 76
590 320
938 225
556 816
542 487
982 254
251 96
547 527
644 5
482 276
308 430
429 398
657 536
506 414
308 392
38 17
995 206
28 31
673 342
624 676
625 125
843 898
458 364
374 8
216 5
142 301
368 192
193 491
529 401
52 602
638 162
611 237
101 839
781 59
214 140
842 59
326 216
719 339
903 616
227 613
176 753
586 36
549 176
127 900
184 816
900 558
158 688
590 599
681 665
277 206
387 514
281 11
965 209
749 826
845 571
898 294
850 147
836 834
441 305
483 727
907 41
46 743
837 312
180 605
481 730
915 546
238 335
855 537
319 138
175 950
988 811
137 311
324 675
722 981
115 350
587 904
15 419
310 613
557 476
29 3
953 462
638 537
215 824
794 701
130 890
124 741
539 730
226 723
106 296
962 223
798 873
234 850
754 157
294 56
80 372
317 377
108 290
631 941
517 16
991 233
593 682
118 335
251 362
198 311
277 705
575 383
654 74
378 91
1 794
130 702
368 157
900 349
95 363
776 323
139 517
840 819
862 11
899 31
954 992
338 351
671 547
49 272
891 521
516 284
224 653
282 438
581 306
249 953
487 467
36 121
112 463
148 386
865 112
79 170
10 495
357 820
174 346
560 849
281 144
154 910
798 495
638 238
16 931
326 640
220 387
497 514
519 435
647 254
764 804
23 672
564 808
547 58
99 597
591 322
393 808
113 707
773 437
149 372
741 449
368 543
578 702
104 41
233 715
416 357
859 139
553 868
357 66
320 705
191 198
764 4
468 569
91 850
21 899
411 811
88 716
605 953
345 35
552 969
600 2
42 5
69 748
301 305
920 578
338 767
303 79
786 23
145 165
75 36
114 514
703 430
504 188
728 314
654 38
964 922
532 710
890 18
532 693
130 309
258 254
904 820
390 995
391 446
145 336
623 993
240 850
974 733
934 170
887 592
883 613
558 143
452 862
895 458
36 157
112 491
527 640
339 324
399 742
182 274
331 984
300 169
304 371
176 999
876 628
438 59
867 843
872 575
617 277
534 321
79 428
7 67
450 508
246 786
906 955
29 824
379 447
881 529
879 506
792 62
480 570
744 279
228 136
263 507
345 492
588 408
271 924
872 781
898 694
519 202
737 38
391 599
821 46
329 928
381 615
223 249
673 111
512 171
242 318
651 498
154 774
346 736
296 469
739 843
466 244
152 601
743 819
218 318
982 445
160 100
624 697
678 986
241 793
481 696
616 301
782 68
450 757
847 614
151 175
792 725
930 826
435 200
147 572
89 333
37 149
424 230
406 74
525 128
122 271
70 103
384 817
884 703
903 519
908 159
356 940
508 667
344 940
809 358
923 506
600 157
853 629
704 445
269 676
128 536
112 535
183 203
763 872
582 236
642 49
166 903
232 619
93 834
756 6
777 671
81 890
851 362
304 39
328 941
111 930
996 484
245 936
301 902
341 681
305 451
859 932
508 206
510 516
186 326
495 432
790 689
965 277
360 493
324 328
767 740
751 227
509 724
599 501
920 79
925 194
46 789
640 94
721 101
664 768
669 221
155 74
767 419
186 523
815 612
1000 443
859 352
275 211
829 648
686 967
683 207
687 655
946 364
946 567
319 523
947 882
251 321
164 584
238 375
682 13
779 794
675 128
853 100
584 999
36 642
917 775
574 134
957 6
463 845
264 269
835 694
412 669
805 82
473 921
844 696
22 263
731 790
199 724
249 51
247 712
819 507
865 137
45 895
337 953
876 271
343 200
996 836
390 725
448 998
710 898
876 414
54 870
440 822
573 410
264 546
710 797
680 320
572 854
923 740
230 246
306 734
290 187
309 717
989 379
685 98
928 825
432 136
784 445
215 247
396 563
613 256
778 215
46 599
360 442
270 587
509 758
845 250
150 753
819 549
824 472
948 603
238 430
115 289
63 1
122 719
926 129
894 533
473 287
492 589
717 4
151 417
388 784
225 914
778 55
119 238
502 658
808 859
829 571
868 7
815 632
82 908
670 277
346 40
656 835
40 628
811 481
718 434
322 302
307 190
734 763
900 169
919 415
8 97
84 468
749 38
531 143
808 520
93 75
339 766
585 762
584 771
715 107
771 301
846 862
448 6
909 391
130 302
448 181
88 220
699 571
244 807
870 567
598 518
361 517
676 372
554 616
757 111
795 334
232 886
837 199
841 156
823 276
828 477
349 493
167 155
408 449
373 487
488 559
215 452
126 225
681 756
41 597
336 611
466 218
339 280
358 468
965 180
197 858
824 185
186 173
798 492
46 657
50 620
253 83
557 618
805 748
720 648
889 603
491 310
517 669
367 533
134 103
742 136
135 314
907 421
567 471
846 154
964 289
587 806
147 137
259 835
466 48
831 211
431 705
930 224
379 881
661 368
419 215
242 136
481 832
975 848
348 87
48 593
837 863
590 441
630 762
62 118
669 54
742 724
930 450
949 294
273 845
492 343
40 592
939 272
246 354
483 108
724 810
568 70
270 18
847 796
132 23
670 426
834 153
781 446
428 938
621 63
787 789
346 559
627 978
496 112
61 8
82 96
374 113
322 468
661 933
667 424
410 411
654 214
268 309
785 101
861 914
532 694
516 211
131 119
674 978
887 674
709 718
362 315
398 515
662 860
700 391
848 658
211 291
321 566
395 779
641 983
400 931
225 82
776 606
300 900
746 724
49 396
948 836
879 976
292 224
991 934
888 381
281 81
814 101
784 72
768 589
73 407
573 450
809 780
791 690
600 416
499 682
662 152
974 158
352 185
6 860
34 141
737 330
103 533
34 252
219 56
256 46
664 859
591 256
115 507
941 337
154 645
543 429
103 618
676 514
271 878
493 330
419 571
214 364
587 962
34 990
146 644
699 976
60 834
846 865
320 703
790 181
659 318
332 46
189 403
81 362
688 478
711 585
726 378
673 110
12 920
769 563
165 410
276 613
172 726
557 189
307 841
218 308
660 707
990 718
866 488
389 851
643 624
237 393
517 87
792 722
860 181
618 836
929 663
570 675
386 874
351 238
725 5
339 694
835 733
909 382
251 386
108 9
787 926
311 420
876 885
80 746
464 841
474 469
884 521
316 461
800 386
732 581
847 738
679 698
940 634
540 348
374 750
753 567
771 444
586 319
853 628
840 397
883 497
184 901
296 735
463 349
285 552
219 969
326 559
419 155
171 618
98 966
104 535
693 737
120 490
148 298
833 998
760 66
63 953
195 241
547 100
474 344
951 222
385 313
836 14
765 160
693 387
710 611
452 375
659 425
368 890
441 669
703 766
392 474
814 573
730 696
932 904
534 588
595 590
981 617
416 319
215 929
238 2
976 167
152 132
336 6
891 340
583 634
893 318
90 428
53 216
330 639
437 697
755 434
332 220
65 250
86 144
234 911
950 969
775 354
27 290
688 728
798 557
468 848
307 210
697 350
56 338
938 912
188 343
762 828
190 829
1000 745
715 78
958 294
445 465
221 15
360 727
861 937
458 76
938 690
219 728
299 884
467 246
72 710
252 844
880 109
476 376
353 227
83 454
953 304
838 42
197 434
37 281
957 344
226 450
121 232
490 479
239 568
538 129
151 323
80 899
671 879
598 709
140 997
748 338
676 55
644 533
478 711
63 767
870 197
301 182
876 558
490 241
220 10
497 651
258 747
296 586
922 258
998 25
299 273
193 966
822 540
987 296
291 369
28 806
367 442
825 678
43 986
183 340
890 900
994 634
798 138
157 313
875 524
752 515
116 920
834 607
210 421
599 989
14 227
898 716
204 331
298 768
377 777
410 914
674 103
413 497
164 937
863 617
886 666
775 423
907 759
947 514
125 952
809 549
256 419
494 375
320 534
194 115
882 932
501 458
247 250
895 702
618 781
786 49
571 973
915 303
437 959
722 991
296 637
913 178
182 857
753 947
917 794
978 984
425 1000
444 92
342 615
197 856
628 936
517 321
464 785
623 835
438 529
130 478
645 557
169 380
462 115
282 5
545 649
571 393
896 568
40 495
171 775
963 596
989 11
700 194
120 972
961 746
780 106
603 905
489 249
141 416
715 519
771 889
735 584
525 561
70 473
770 419
459 20
176 76
763 896
451 194
417 342
331 238
594 110
659 726
751 324
405 878
134 100
7 238
394 241
603 373
225 723
712 219
821 423
876 982
806 120
387 769
394 808
618 685
573 659
198 853
894 566
156 377
678 722
375 322
865 953
630 763
26 797
905 54
119 615
803 393
967 816
627 695
646 271
248 788
502 921
882 859
726 936
344 406
199 1000
881 145
253 509
23 350
226 70
354 115
964 900
74 402
772 215
424 125
995 998
409 463
672 451
738 92
277 576
558 947
117 385
112 271
331 623
922 902
212 218
213 527
314 694
993 577
482 608
922 729
657 332
827 892
554 732
59 214
550 183
720 424
413 595
16 227
254 87
534 101
186 223
449 739
499 396
965 645
385 163
636 75
353 727
707 992
634 576
324 432
92 180
976 527
978 181
262 122
120 309
764 614
978 567
453 741
890 956
836 442
235 79
555 466
841 454
280 212
871 608
256 333
812 338
25 512
281 686
526 608
671 409
565 902
255 800
403 127
167 238
885 949
394 582
541 46
997 444
327 117
627 659
811 296
522 813
482 510
123 496
368 505
117 722
971 63
203 393
847 608
44 915
526 276
680 667
667 439
706 339
193 268
378 768
252 809
610 183
810 405
403 793
852 232
327 329
296 930
192 243
874 499
340 299
794 208
758 769
680 215
572 989
832 818
836 986
28 783
895 377
41 360
168 410
474 943
672 104
546 595
140 800
513 282
418 990
951 168
495 220
542 927
323 967
505 936
987 380
183 371
595 883
272 662
63 158
525 949
507 256
253 380
642 627
555 318
167 940
890 835
119 407
20 178
81 452
523 301
713 655
678 651
475 716
459 195
445 812
488 337
327 456
27 436
467 701
52 993
604 726
866 397
230 876
85 103
715 240
199 35
882 867
496 42
886 891
152 806
397 508
596 452
710 452
201 852
553 399
991 293
172 454
313 951
577 386
300 559
909 67
623 927
728 897
412 812
59 161
595 467
903 506
62 820
858 867
69 24
181 550
992 229
629 240
741 534
872 859
687 833
482 667
232 570
659 991
953 766
81 971
478 855
119 823
589 563
370 491
704 503
862 904
81 245
141 895
327 616
915 330
148 45
370 205
578 550
134 8
119 458
175 697
712 160
87 40
576 578
474 95
759 538
669 270
281 757
910 520
26 431
970 614
510 768
8 238
461 452
65 955
484 955
692 320
134 850
825 97
661 459
243 564
228 416
674 838
63 374
502 946
87 620
330 739
223 124
327 210
536 569
443 561
269 213
438 756
277 698
630 344
299 962
601 70
572 321
904 795
500 292
136 741
857 797
986 699
383 41
911 704
22 209
70 173
679 893
719 304
939 912
720 449
562 77
357 607
139 484
7 826
274 817
988 250
407 527
654 564
845 587
645 863
478 672
50 923
253 224
384 235
2 854
774 472
210 213
546 197
453 639
867 929
580 174
232 308
414 106
610 638
917 145
263 259
216 840
693 506
256 243
366 146
826 181
622 323
95 577
632 849
502 589
216 614
489 598
1000 102
673 64
985 726
289 351
720 626
290 752
410 118
424 546
740 78
990 720
203 142
459 24
69 745
630 410
173 699
9 810
914 95
971 18
934 154
666 972
4 235
406 323
133 393
65 451
139 836
875 446
435 241
144 11
331 256
173 605
639 446
397 149
992 609
575 626
951 643
59 267
957 302
45 820
491 827
895 102
41 917
266 562
874 303
805 987
686 54
205 656
97 271
79 139
82 93
927 717
49 108
323 861
965 150
586 861
491 531
903 224
873 271
640 854
794 3
220 354
612 940
281 482
870 492
798 345
875 582
453 740
94 954
389 268
870 383
488 201
492 269
489 272
16 672
493 328
294 443
775 200
924 518
85 526
604 830
313 147
332 217
36 289
925 108
177 972
181 908
873 980
503 49
376 419
289 379
570 988
449 125
53 371
916 695
866 486
95 1000
631 170
833 279
544 366
84 415
624 700
588 95
139 787
105 813
804 519
994 501
193 146
15 852
32 784
75 850
368 216
296 133
304 688
196 998
398 626
718 871
922 309
904 723
706 707
374 381
692 914
514 398
718 662
738 208
666 373
212 255
620 140
839 946
806 240
607 406
790 146
150 61
723 237
975 227
853 626
68 478
344 606
418 765
92 452
724 769
954 266
663 358
277 39
206 247
44 246
159 199
950 246
771 961
189 896
150 398
832 721
101 372
547 102
395 501
894 435
162 472
381 196
771 622
262 103
617 836
157 339
732 425
534 723
183 483
427 53
102 753
215 50
313 62
884 387
208 164
100 402
617 8
998 447
176 450
380 806
474 235
935 426
81 315
986 78
892 489
997 334
925 481
263 766
968 604
878 451
195 811
972 60
920 671
575 97
902 979
824 123
520 276
86 306
653 552
856 652
907 824
123 415
35 785
237 363
420 989
458 360
495 114
943 483
984 240
621 5
307 69
644 76
493 658
667 485
596 453
8 166
636 966
985 202
87 798
914 310
74 427
737 633
876 882
645 422
498 454
390 799
890 73
156 661
469 586
363 59
532 872
684 823
645 567
260 619
535 303
981 495
532 991
633 922
304 442
603 830
585 799
322 943
590 552
323 8
633 11
444 510
357 907
528 489
693 801
325 429
788 587
845 678
737 37
831 663
119 897
893 698
624 465
201 352
20 684
427 738
358 446
784 289
548 218
327 837
79 496
200 183
219 245
703 655
480 647
543 470
437 39
993 607
794 536
889 670
798 32
358 619
566 12
417 27
437 72
848 289
560 501
924 590
726 454
432 632
397 970
926 779
275 18
919 837
688 265
191 174
69 978
836 279
34 887
934 258
220 878
612 440
316 621
479 227
83 842
464 312
604 516
809 692
437 667
497 158
872 212
288 101
622 992
143 297
830 45
354 250
549 651
752 265
182 940
952 187
56 368
844 505
772 110
810 185
633 634
687 797
709 949
340 168
545 678
235 818
130 698
49 554
32 856
876 57
862 124
97 806
773 725
812 261
349 200
705 453
923 153
822 905
788 777
404 530
277 268
831 981
867 484
575 831
83 85
943 827
616 871
601 334
966 379
415 3
733 4
73 19
154 795
491 566
537 474
261 570
978 60
427 718
465 662
709 188
219 160
665 62
79 468
617 789
983 93
512 647
732 482
63 832
587 842
168 768
82 698
94 761
510 722
872 882
650 31
262 841
121 913
200 512
807 167
699 550
96 721
82 988
543 633
32 329
584 358
458 639
372 67
516 570
302 708
907 610
967 818
289 463
695 707
882 966
290 979
556 538
66 778
711 190
576 640
308 755
611 506
867 68
133 392
834 263
835 738
866 148
903 843
286 773
92 556
810 447
631 773
218 504
965 849
143 961
936 105
40 62
689 919
136 529
691 193
433 209
658 906
278 987
357 866
396 434
542 647
173 32
121 279
15 781
897 876
111 692
45 102
708 314
693 650
769 170
327 224
883 308
477 475
225 418
561 8
764 753
983 849
414 52
366 845
853 77
521 874
813 242
724 563
176 249
584 198
886 881
76 610
523 37
154 640
14 497
399 166
422 717
215 926
419 653
906 153
360 147
346 970
128 265
147 23
22 239
223 256
886 704
376 905
545 440
786 962
704 525
20 510
938 153
669 23
212 614
708 547
824 96
117 559
868 169
193 119
891 24
433 672
36 539
878 262
915 504
700 682
51 254
735 40
406 364
28 214
446 637
394 920
14 353
145 22
778 866
601 445
196 999
344 146
369 705
460 792
944 993
83 303
780 932
953 917
227 588
433 253
753 564
917 675
22 9
955 664
914 264
50 894
698 45
86 728
845 641
130 166
443 149
130 315
68 366
125 267
219 970
111 712
662 200
404 808
249 78
922 301
626 965
304 76
875 775
381 82
880 671
681 578
818 724
152 223
278 547
519 164
229 31
824 593
453 711
557 209
206 769
564 659
297 315
251 680
315 554
343 248
327 535
54 373
772 928
366 75
385 546
663 805
405 533
869 80
68 689
125 800
473 263
660 29
509 577
367 837
761 980
284 377
51 542
693 211
967 980
678 649
200 600
973 323
170 112
251 103
416 16
513 742
366 276
80 141
100 832
484 743
143 468
973 421
591 970
333 966
9 784
908 740
601 846
627 542
298 510
799 850
472 5
623 586
184 505
277 676
613 608
961 199
729 163
856 155
749 352
416 732
972 449
300 944
728 101
782 838
235 119
859 230
41 818
705 331
482 964
709 643
981 494
658 835
145 284
308 888
862 337
282 95
179 973
421 877
478 571
136 952
893 712
628 267
463 306
193 810
12 170
605 101
842 361
914 778
406 877
542 622
818 494
512 770
129 115
573 632
498 306
957 793
998 239
266 188
971 881
788 281
948 858
150 538
889 556
484 240
547 914
1 193
417 169
668 678
134 14
730 667
893 253
87 42
955 518
940 338
250 623
740 231
834 892
910 697
512 248
53 136
366 321
955 740
703 66
743 913
850 245
954 564
173 970
851 932
269 476
69 755
364 945
62 909
39 283
646 433
761 579
777 422
924 51
526 235
319 555
359 622
360 536
378 376
478 72
540 114
139 683
247 906
819 61
164 334
700 264
544 228
288 546
397 192
58 952
538 462
559 52
596 766
329 107
153 789
740 895
580 724
605 167
440 871
963 447
227 789
376 57
547 370
909 839
548 25
842 314
404 881
478 678
718 338
624 510
399 574
555 700
495 161
477 502
408 227
543 151
410 561
676 820
132 810
278 632
46 516
450 405
470 976
418 119
59 651
191 944
229 87
648 727
719 660
523 137
962 491
393 956
926 86
345 642
401 601
536 44
630 988
389 456
483 293
599 83
86 898
842 976
189 395
523 375
428 753
700 889
863 735
705 725
246 759
156 235
398 88
91 966
282 561
139 920
411 991
263 854
929 798
713 312
198 389
324 832
808 601
825 349
536 1000
313 749
833 186
688 739
946 507
948 157
255 333
834 547
361 826
51 18
610 831
60 220
867 212
101 952
66 975
526 481
532 690
75 825
500 314
193 470
965 848
37 333
365 688
430 148
453 29
623 977
438 867
575 850
780 442
392 476
654 615
586 121
2 22
990 479
386 377
283 995
68 267
333 461
419 227
702 974
871 217
345 827
662 156
920 299
277 114
206 8
944 401
67 322
785 711
485 274
382 329
241 587
594 81
977 351
667 679
674 345
983 193
894 484
327 925
54 255
992 380
186 431
354 797
116 940
483 611
963 658
431 899
601 472
292 381
172 797
375 806
727 77
324 736
70 115
817 510
86 942
214 211
808 904
259 560
223 259
412 936
760 597
985 304
489 961
692 425
496 178
598 23
408 619
623 448
381 821
882 890
540 916
522 699
928 126
142 168
952 884
832 474
795 206
887 380
87 884
553 400
256 938
744 517
885 92
835 878
348 683
535 369
340 888
45 645
410 2
948 518
404 612
665 584
723 894
245 462
426 918
857 708
535 87
652 96
429 409
913 596
220 34
352 234
817 48
563 564
471 211
590 799
827 123
617 835
245 514
820 736
642 812
185 815
782 512
90 426
579 296
727 224
640 164
206 689
688 144
780 704
450 255
379 207
385 584
740 204
901 8
502 651
802 507
968 975
772 711
540 683
996 37
502 826
677 590
329 720
659 197
320 445
375 473
857 330
716 28
436 323
459 34
209 703
571 933
754 341
923 690
489 840
830 134
326 417
512 612
348 617
153 621
406 265
541 450
874 673
530 85
911 752
736 706
899 152
705 217
943 195
602 579
931 523
927 68
112 251
739 294
631 716
73 224
93 253
19 774
131 960
117 247
943 801
413 758
729 493
221 89
993 32
645 727
867 603
317 614
763 666
7 211
932 389
349 309
300 223
637 190
859 584
736 253
864 418
728 593
712 886
399 586
884 92
885 389
11 114
253 59
970 559
57 272
738 681
172 199
289 833
477 759
615 450
600 809
620 300
151 890
369 256
784 322
392 329
212 842
319 918
584 509
660 50
683 499
646 5
61 571
891 372
912 744
493 48
649 432
925 451
86 65
523 802
440 179
313 427
561 765
553 701
277 997
659 525
21 843
541 132
784 16
156 934
863 41
78 903
909 305
530 38
308 648
40 806
991 501
518 527
339 882
41 156
961 851
377 20
305 791
490 285
625 462
753 657
580 838
49 266
219 742
296 97
224 272
698 632
906 589
728 783
98 442
803 223
310 509
3 391
7 439
541 923
528 102
766 474
733 179
20 834
757 317
478 822
979 879
307 761
529 588
252 846
632 73
776 995
928 858
362 678
495 390
928 713
674 421
656 728
713 409
931 302
126 416
775 225
674 20
845 29
294 493
167 113
993 746
8 710
416 379
494 164
464 407
18 370
221 793
501 569
564 281
621 280
131 727
619 763
636 187
549 732
74 700
680 415
934 14
41 333
424 323
124 59
762 769
518 64
327 179
934 153
260 888
125 950
304 824
716 279
974 152
221 733
347 910
131 237
758 492
351 846
731 804
92 558
637 638
331 402
939 723
600 105
503 688
52 536
453 914
140 16
849 830
791 55
598 551
144 14
236 668
532 913
827 771
211 19
794 248
558 145
619 101
912 3
805 984
590 614
314 805
63 674
624 396
254 91
805 937
516 540
353 890
997 689
853 619
546 587
381 76
879 701
922 326
962 699
465 497
869 293
712 910
915 755
326 742
862 948
591 158
889 634
33 973
479 216
24 63
831 284
907 452
926 32
108 781
215 43
841 584
439 94
574 630
702 523
495 267
43 250
608 839
925 248
284 736
410 935
949 242
553 825
194 843
204 399
332 212
871 749
730 963
802 468
161 257
308 157
219 330
593 441
321 141
189 430
371 567
817 689
583 546
160 156
198 708
238 837
664 284
992 155
997 440
122 994
51 290
624 544
15 135
825 271
921 968
316 902
65 130
736 985
387 181
939 384
835 563
583 977
22 963
522 523
946 367
230 63
606 285
202 207
900 396
739 444
559 137
580 479
866 41
285 648
670 957
224 361
460 873
300 982
953 772
628 642
455 934
634 287
887 931
177 246
319 570
838 237
992 221
314 825
867 655
376 114
16 195
1 177
883 357
832 677
194 642
381 80
823 121
475 151
112 747
23 625
730 611
512 722
756 435
133 694
271 49
750 721
953 305
241 679
826 144
150 862
155 928
122 239
595 836
475 343
95 666
485 470
34 878
218 243
953 124
226 567
497 8
801 48
217 953
290 567
19 111
114 275
597 422
29 346
74 613
756 789
902 609
236 145
660 595
856 318
31 742
303 13
431 56
5 755
407 35
579 530
502 231
18 894
754 564
114 983
540 159
895 197
662 686
990 235
573 65
633 814
61 301
402 702
779 855
373 156
400 992
808 256
23 838
67 622
582 179
361 333
822 706
399 695
515 246
222 546
465 287
248 89
67 767
413 535
760 244
928 960
788 692
628 43
556 312
719 924
25 128
997 858
689 409
882 394
384 33
498 387
25 817
784 450
336 441
9 485
851 618
870 314
489 749
96 601
629 673
760 688
707 107
75 455
861 773
202 81
731 113
234 699
555 175
539 802
351 256
78 456
6 357
657 723
545 102
293 7
867 396
109 95
240 274
479 125
688 618
172 667
755 143
757 644
460 414
868 355
429 153
963 561
558 832
40 920
259 438
916 410
440 83
654 77
568 398
87 846
661 907
481 363
192 994
579 526
469 506
877 269
255 393
687 124
122 478
396 171
161 810
314 683
164 223
666 313
376 349
856 167
748 397
857 390
163 257
736 766
292 123
292 240
836 632
969 89
215 820
224 128
813 344
173 57
908 44
140 902
324 187
287 49
871 183
534 840
556 397
757 316
595 209
577 942
998 62
80 217
638 17
613 961
223 853
482 325
704 471
634 920
394 107
626 600
953 504
882 430
292 654
309 461
347 182
385 405
365 206
333 503
246 952
7 890
406 565
15 287
56 868
845 28
706 258
3 979
298 993
850 690
753 389
210 838
954 756
170 167
9 227
947 613
949 447
454 631
826 426
61 719
482 356
959 202
589 669
424 693
207 714
445 193
311 696
441 618
631 115
352 200
134 711
709 773
943 523
855 523
951 49
1 974
347 784
166 244
114 573
451 954
142 381
735 70
57 683
921 702
61 115
598 346
857 972
400 251
878 570
202 59
982 596
567 234
844 589
353 46
599 898
503 800
876 318
418 610
454 364
761 10
488 738
288 814
533 604
720 957
365 976
149 867
811 179
466 41
230 86
116 128
749 874
992 161
611 665
116 25
84 767
325 555
768 754
435 847
918 776
611 742
962 696
49 241
824 713
825 624
111 919
610 939
405 796
661 797
584 201
814 874
383 867
702 697
957 182
379 436
52 470
660 149
92 185
977 127
850 775
529 522
798 127
826 889
345 645
397 958
296 260
399 208
396 519
672 74
77 918
400 296
48 740
121 946
985 645
128 268
371 566
89 488
198 709
200 654
535 862
372 916
467 676
622 44
678 834
915 396
204 253
575 478
833 235
545 159
971 165
554 71
994 767
818 850
316 886
778 527
247 814
99 953
644 84
203 396
212 438
435 209
744 845
709 582
601 386
583 246
913 14
986 716
53 819
937 986
115 722
912 488
23 95
444 240
376 294
923 968
577 298
448 866
469 660
680 77
787 755
774 747
921 293
704 83
61 490
615 903
887 930
267 375
250 549
73 36
129 330
681 677
961 725
144 265
538 73
352 236
831 716
686 193
154 862
581 21
139 14
50 607
551 765
55 402
519 355
613 388
188 561
923 654
998 198
11 72
822 432
970 623
261 326
239 230
99 915
673 960
746 246
747 595
569 663
931 280
915 639
988 863
781 911
242 921
135 376
508 52
898 738
168 987
276 856
591 512
498 209
707 31
48 640
329 837
4 875
958 236
523 433
191 263
284 491
857 479
413 265
52 127
604 572
553 566
934 373
421 662
740 44
164 6
972 143
886 973
852 597
873 726
583 807
895 529
566 531
143 326
592 378
166 173
478 83
562 542
602 303
525 886
183 554
558 530
298 396
710 313
123 753
877 296
990 89
956 199
443 758
501 52
709 767
1000 909
505 49
306 2
986 672
861 980
329 227
518 835
776 318
351 534
300 548
762 139
69 225
586 477
642 347
404 634
988 379
504 230
344 911
823 265
809 331
719 200
520 946
758 870
391 157
433 111
841 122
490 104
289 332
59 21
546 513
799 177
380 623
396 708
187 201
392 783
615 137
881 871
736 110
935 518
132 817
832 561
105 81
927 162
766 158
508 378
510 555
936 670
171 507
484 66
211 906
577 610
882 365
546 590
72 849
933 660
20 339
781 800
543 641
60 759
521 355
687 586
651 736
48 571
782 378
142 981
199 220
792 394
82 790
726 23
672 959
364 940
38 53
486 251
372 172
852 617
869 565
911 816
182 928
278 503
692 129
35 670
41 113
114 617
524 586
676 413
749 321
142 273
680 856
274 761
294 764
106 952
487 229
237 432
24 843
390 910
14 638
684 934
904 638
818 504
269 660
932 84
153 417
496 614
707 748
728 785
548 4
948 798
383 667
684 708
637 345
62 932
713 44
1 248
868 307
979 881
102 960
31 460
987 266
71 959
974 52
500 699
102 851
820 730
237 568
720 542
183 438
480 679
55 243
46 634
86 679
110 297
907 50
21 312
778 69
730 890
489 705
548 559
396 812
384 812
112 709
225 838
281 724
263 540
674 133
279 790
422 536
402 832
403 105
993 956
833 492
691 420
806 281
94 543
21 907
765 678
91 987
476 843
29 666
77 676
8 437
687 735
389 888
891 112
585 652
900 116
901 221
174 625
375 304
394 785
805 305
751 597
921 780
456 965
78 880
293 254
117 282
544 148
763 280
47 451
625 287
365 540
447 798
726 767
468 219
839 820
262 689
391 455
412 994
490 398
257 807
40 433
741 887
795 291
724 123
192 284
653 129
214 985
22 464
871 69
906 73
295 987
76 809
731 779
379 760
803 74
680 287
617 55
424 859
989 444
386 910
901 970
593 572
82 376
121 742
949 990
676 698
451 745
656 718
300 342
313 359
56 914
510 611
8 533
904 330
656 597
623 9
261 147
21 717
650 63
299 423
605 499
879 224
536 186
939 87
43 922
925 24
781 50
773 196
223 157
298 228
66 72
503 189
109 38
246 321
598 42
503 338
769 982
311 671
481 688
744 874
407 853
308 723
881 183
807 651
298 425
541 507
356 743
340 236
395 821
351 940
45 625
49 630
361 932
107 184
507 738
222 155
903 600
814 319
338 396
636 669
922 996
706 591
590 374
953 69
979 90
995 482
12 51
236 742
201 254
371 572
25 392
867 689
906 515
64 674
103 195
797 40
382 398
59 121
138 376
379 644
361 113
571 2
846 392
884 123
977 970
863 732
390 402
11 75
361 2
380 810
287 814
551 589
1 81
153 270
599 784
85 715
747 594
876 886
402 599
243 147
890 986
506 995
785 962
950 388
439 641
722 287
355 730
851 705
122 691
855 25
379 192
677 873
324 711
185 127
497 189
959 47
542 93
47 609
32 262
913 346
734 997
806 470
973 450
5 61
25 663
381 673
915 58
203 252
901 115
778 718
247 239
195 592
179 375
260 28
165 153
39 688
943 494
179 21
677 318
732 245
329 384
97 940
338 590
450 576
954 299
903 701
460 681
80 446
411 343
164 165
743 275
780 287
156 513
107 53
837 435
784 193
689 979
304 447
36 78
516 432
495 939
171 929
427 571
634 305
248 236
818 136
983 582
303 560
197 221
969 12
737 56
791 351
615 59
896 497
366 559
521 964
526 557
650 544
429 647
601 135
712 889
453 389
354 187
315 364
7 114
582 726
701 329
550 570
661 17
60 439
777 524
449 183
984 796
271 830
54 186
194 825
671 630
180 633
696 555
163 622
294 452
332 143
993 707
835 32
46 825
51 721
124 41
472 570
247 844
668 576
603 189
190 763
94 544
384 623
946 333
263 729
142 986
612 52
316 985
228 317
588 876
860 810
94 322
205 437
583 778
914 117
743 704
818 665
451 960
433 637
434 142
400 258
184 409
666 613
481 361
895 215
639 384
25 794
368 229
424 23
244 952
106 330
230 968
653 11
526 299
250 376
268 111
218 986
239 756
149 732
645 679
705 452
729 462
785 300
257 843
610 347
580 615
551 925
374 600
179 602
291 52
883 430
519 644
222 540
340 776
819 618
549 445
111 780
41 750
451 203
586 946
875 248
635 596
906 829
689 443
907 76
581 893
171 6
124 760
493 461
484 104
358 697
271 786
275 343
495 496
479 927
81 100
214 344
677 848
509 660
209 312
51 557
693 230
161 61
532 36
471 728
989 795
405 698
725 565
1000 108
752 813
130 855
946 911
425 703
155 648
742 716
108 744
968 665
878 508
455 85
645 37
739 854
942 921
65 187
274 589
235 759
622 897
90 286
381 813
976 275
705 971
759 56
434 291
773 786
777 343
445 417
322 556
431 242
507 616
414 902
203 371
667 416
64 155
908 910
800 271
527 852
468 513
754 634
463 178
541 868
623 139
597 769
406 790
286 552
288 689
93 34
884 723
120 896
193 756
505 714
163 396
169 932
419 22
974 964
500 75
157 694
730 98
540 455
156 990
785 277
112 706
976 631
524 145
907 27
327 776
40 690
392 960
997 912
485 76
586 569
471 41
495 423
137 741
138 54
176 333
153 266
252 184
250 821
209 139
564 555
11 413
603 455
911 29
642 537
661 299
648 582
901 380
941 619
200 545
440 16
183 108
597 515
536 810
571 383
427 395
912 873
904 197
293 302
791 547
110 829
283 200
285 922
472 191
903 954
354 191
373 833
18 210
726 975
375 279
69 600
151 951
667 287
856 468
335 828
929 536
936 300
274 687
830 968
597 963
529 419
326 636
420 20
5 958
746 542
339 924
446 832
840 727
767 484
680 928
404 608
939 833
763 517
158 563
260 240
681 282
98 764
960 207
175 608
783 865
296 711
775 611
136 784
945 238
837 40
548 93
733 71
993 250
775 870
372 225
233 189
326 694
189 922
614 165
172 72
233 78
417 279
860 253
698 128
76 556
189 779
44 18
427 769
599 832
324 290
146 574
272 653
864 855
58 146
587 689
190 399
266 129
820 744
125 842
971 694
457 535
450 251
103 791
721 706
935 416
741 145
742 938
748 691
820 800
125 940
218 254
425 312
795 13
302 662
85 270
694 696
623 258
332 473
951 919
816 534
655 7
734 516
184 160
580 232
939 481
189 2
118 232
983 44
109 811
420 810
749 347
409 610
737 627
368 250
296 103
408 673
830 996
834 507
412 517
640 800
519 876
465 993
407 770
503 885
568 578
112 334
314 260
482 944
157 860
417 759
469 694
735 719
97 111
137 784
430 835
717 674
970 860
257 159
634 673
547 298
750 807
733 171
71 836
85 908
140 707
569 983
788 695
951 133
629 795
560 830
228 900
279 776
86 558
932 956
589 445
705 157
460 294
521 677
693 355
512 288
106 331
81 127
301 913
894 691
200 411
403 222
833 661
850 717
299 105
699 958
730 791
33 109
548 583
254 701
919 835
721 441
899 687
190 441
664 124
583 743
964 635
913 511
53 260
75 468
367 612
128 709
429 171
959 800
912 689
52 972
399 490
346 673
442 928
95 46
904 85
929 742
274 577
181 529
990 782
701 346
259 443
895 900
456 939
398 734
250 167
696 309
625 369
74 457
383 65
535 324
203 295
154 417
386 582
876 70
92 757
738 35
188 192
170 951
451 654
442 867
586 511
884 804
629 443
116 354
353 112
226 510
524 825
562 68
529 149
692 711
81 526
353 993
889 151
317 561
58 278
6 990
337 309
390 313
93 79
281 158
451 202
380 764
72 53
699 112
992 486
759 800
922 401
824 671
436 685
823 979
703 681
802 234
806 674
682 596
494 78
59 767
445 538
547 770
641 217
699 975
945 579
397 729
401 493
185 438
67 531
119 197
358 875
608 47
518 419
317 290
964 607
751 881
665 926
743 769
764 508
569 250
243 823
545 865
48 500
86 323
861 711
330 913
967 479
880 463
94 89
384 268
478 184
736 654
900 315
839 663
978 583
856 689
945 406
321 668
685 210
533 647
628 571
141 282
183 931
629 415
867 518
966 462
14 971
988 306
880 907
366 650
159 91
913 611
291 467
55 26
167 636
573 473
392 890
998 906
255 125
343 287
589 611
334 70
941 422
279 707
727 501
64 638
931 144
971 943
397 443
789 18
462 822
684 456
297 992
119 613
183 404
632 913
8 904
998 315
142 599
513 65
716 584
241 424
229 423
96 405
495 279
996 296
561 893
138 134
20 650
910 600
358 565
52 320
643 959
147 172
123 262
389 23
66 420
837 937
566 377
199 384
988 523
864 537
727 327
807 464
812 616
433 841
985 420
344 62
971 201
441 538
201 582
512 369
741 53
691 359
892 444
179 162
752 343
491 509
792 738
596 424
744 763
964 992
808 344
902 494
443 751
275 269
445 309
118 112
648 697
444 243
690 247
66 701
73 207
127 4
828 105
466 486
893 589
340 307
698 589
914 638
257 769
719 241
847 428
317 605
49 423
288 845
71 722
610 256
499 451
135 177
248 65
943 622
665 222
314 948
81 999
278 731
462 100
889 824
708 260
525 378
189 677
201 478
170 553
7 8
46 726
859 769
234 545
898 479
850 964
245 958
871 990
711 901
516 929
777 615
815 923
191 188
539 941
115 335
685 679
168 975
998 438
986 422
878 232
146 737
388 806
299 389
800 686
69 999
506 707
627 345
778 381
66 59
194 100
125 540
454 946
129 759
829 670
276 514
924 182
798 651
216 323
948 60
252 641
470 328
143 466
826 720
95 53
338 810
29 455
303 152
711 239
491 328
978 858
744 840
433 599
771 315
274 257
113 303
757 974
723 594
192 922
31 627
517 340
577 489
602 896
482 879
781 223
201 813
938 586
69 238
72 606
976 500
74 249
438 957
595 764
922 966
62 685
559 439
529 168
534 219
101 558
687 299
540 596
842 256
790 32
870 242
836 806
955 80
629 873
461 807
462 64
951 132
241 994
557 13
529 756
279 888
251 733
551 960
534 758
612 754
594 421
510 986
470 168
879 68
312 310
59 579
911 377
694 891
682 915
954 732
119 224
602 202
483 42
38 846
973 353
167 174
100 147
854 492
734 598
165 383
209 525
337 592
913 447
428 809
892 262
86 181
41 289
184 189
114 345
131 470
811 360
171 520
325 532
384 293
425 70
762 669
216 125
643 448
972 396
577 68
525 293
136 286
783 484
693 643
2 379
688 938
763 494
630 443
313 987
995 723
210 649
248 300
88 341
455 981
558 894
124 822
344 622
328 339
257 841
793 815
480 126
651 441
944 653
396 464
438 187
538 29
992 57
802 918
289 713
306 617
382 452
755 874
239 325
760 20
779 426
375 645
965 331
380 765
769 775
457 636
188 756
546 258
177 365
965 476
508 153
881 913
148 90
612 662
7 886
691 801
14 448
731 32
931 418
751 45
399 248
293 581
204 352
906 236
817 575
582 889
17 899
824 365
989 793
848 403
996 107
250 916
228 509
781 833
213 271
802 316
120 302
570 960
310 719
243 536
890 613
243 30
235 600
324 831
702 172
904 227
65 185
691 669
14 114
643 542
147 553
624 743
622 886
772 820
661 826
762 893
335 541
60 218
761 323
321 738
79 684
514 563
363 107
164 360
679 571
727 963
728 35
178 60
681 403
754 715
538 300
740 906
67 780
354 800
61 172
438 869
867 521
904 541
746 730
639 21
35 251
715 589
591 460
519 597
97 406
829 81
101 614
784 66
771 860
811 667
893 217
206 227
723 55
428 105
414 428
660 460
453 458
719 931
193 503
941 421
211 760
304 54
73 972
953 431
145 794
957 859
413 741
802 156
418 149
348 470
495 417
923 964
219 419
134 200
700 482
458 696
117 869
284 364
598 724
255 811
769 664
294 157
631 412
397 668
471 623
19 86
845 286
630 732
375 499
578 649
483 823
666 790
848 157
955 915
942 955
35 893
454 881
401 123
312 810
329 922
249 337
265 724
801 506
109 837
317 152
139 664
377 501
255 508
749 582
847 536
773 645
299 770
377 102
503 738
851 391
970 245
143 957
730 985
386 898
313 930
340 461
878 837
130 415
866 917
171 809
942 486
144 111
576 98
426 905
499 341
70 380
236 524
954 419
386 343
25 397
500 937
282 356
283 965
396 732
406 186
150 279
44 238
483 854
979 957
447 755
619 354
358 394
428 220
160 642
881 968
550 871
443 505
651 60
964 77
586 603
238 302
992 286
335 684
466 589
379 340
107 837
346 151
812 408
389 505
229 250
780 766
747 885
148 608
935 418
142 850
270 263
112 606
462 963
412 44
609 854
424 738
612 19
42 19
364 880
691 676
929 879
308 412
865 873
645 123
874 905
90 692
969 923
435 19
997 505
539 572
848 776
723 740
78 941
616 372
818 262
382 563
53 625
936 379
867 133
282 789
235 991
161 912
734 439
311 386
334 545
469 751
250 240
197 279
605 442
477 39
540 267
500 376
466 312
726 570
585 950
474 863
571 615
528 768
321 6
37 400
334 370
120 954
961 516
547 351
840 467
955 134
524 117
412 243
509 73
419 161
883 996
301 829
49 172
324 98
346 422
400 530
516 864
885 399
7 111
512 691
876 710
883 98
404 41
133 661
445 643
941 382
235 882
642 957
528 927
441 36
828 912
375 887
327 752
421 618
593 218
756 690
115 298
155 899
321 447
937 725
523 320
462 940
588 979
90 487
554 342
313 316
243 575
340 804
318 47
985 370
839 379
865 772
577 884
251 137
270 61
697 279
591 951
333 995
136 33
851 493
104 501
692 30
89 473
773 827
423 758
640 992
715 100
899 877
22 908
330 21
175 230
472 407
629 359
558 925
688 939
529 105
226 194
188 194
266 692
106 823
312 541
201 89
836 613
836 417
250 502
268 249
865 19
432 824
945 219
141 470
895 427
145 531
622 604
281 243
367 371
426 611
140 737
163 832
993 913
192 533
16 558
309 423
863 768
516 150
24 41
336 267
508 9
327 583
422 729
295 165
354 739
831 375
742 790
356 85
626 823
50 103
223 391
152 316
685 750
7 902
998 639
391 615
983 393
806 386
789 688
39 49
351 355
311 913
682 775
151 456
627 461
83 878
724 510
262 611
191 347
947 665
251 36
568 226
489 895
839 768
610 613
919 583
9 960
854 120
299 841
694 529
273 100
999 635
585 643
674 692
93 492
458 59
134 986
310 577
396 245
749 289
109 898
514 297
495 665
98 501
391 434
509 461
182 605
398 526
257 906
511 131
593 846
102 420
236 212
415 457
474 791
325 27
35 485
758 819
575 859
417 701
608 680
797 850
745 513
871 65
174 275
306 443
971 695
275 952
611 668
171 635
922 209
500 965
928 926
840 378
73 365
111 813
992 21
993 844
524 140
858 578
529 546
905 891
849 269
479 734
542 824
409 732
31 317
72 418
389 371
452 405
518 208
868 797
851 553
394 362
289 16
290 331
112 567
67 135
181 915
309 206
117 789
208 991
802 321
787 495
91 906
587 682
470 290
401 233
535 970
4 914
743 807
619 440
783 136
323 647
290 783
661 748
122 206
51 198
14 510
342 987
36 658
224 43
810 377
100 537
908 990
216 54
363 185
607 106
939 821
567 537
533 665
808 120
133 272
831 900
765 570
709 312
412 962
914 636
18 585
594 1000
226 420
175 621
586 132
311 125
611 555
872 873
282 935
248 67
54 208
831 715
888 19
998 104
479 224
327 856
456 159
150 391
337 140
745 287
694 286
245 572
849 361
760 956
228 882
388 728
932 647
841 669
278 604
511 808
3 897
189 746
299 118
618 344
447 182
432 597
513 988
336 382
915 864
402 885
954 710
132 414
830 333
119 286
730 929
605 657
293 749
898 769
4 848
778 379
646 888
191 258
32 393
360 774
656 851
643 699
455 137
754 749
920 744
377 709
506 419
696 79
532 317
570 616
517 47
39 571
942 980
47 113
284 134
143 551
235 688
471 848
369 810
830 137
687 768
193 196
13 849
199 938
2 482
764 936
960 354
669 646
654 236
625 330
221 287
256 909
222 232
994 1
523 51
579 681
619 884
568 726
404 656
773 521
300 545
687 215
286 724
59 330
465 631
358 250
755 626
831 777
797 873
999 71
802 513
675 277
880 981
737 60
477 377
315 386
834 602
562 129
648 704
92 80
611 724
707 533
634 543
907 215
346 423
550 817
61 235
607 800
846 488
8 868
206 75
85 890
661 29
936 756
355 540
228 790
779 110
319 185
266 55
715 235
573 850
812 494
7 780
420 49
655 928
971 599
94 778
59 581
958 851
318 498
397 961
694 889
996 113
155 563
356 359
770 830
711 431
532 354
773 24
613 857
47 871
398 247
660 654
134 733
174 606
781 398
714 627
182 933
878 710
260 524
425 68
868 504
28 231
356 724
462 576
791 842
114 610
188 509
635 332
250 162
126 593
153 779
501 19
430 17
624 42
914 418
37 337
573 127
97 174
499 750
727 942
378 689
343 929
110 916
3 238
746 740
927 329
196 709
947 391
508 727
733 490
419 126
607 465
379 518
222 625
273 724
315 445
292 839
944 286
193 782
767 876
434 560
914 870
516 694
382 27
968 483
353 988
989 339
940 121
185 872
438 330
261 451
808 262
413 136
381 737
958 174
725 991
47 711
110 157
403 255
223 390
793 395
959 18
821 477
697 231
772 759
384 352
226 537
138 963
307 888
593 487
367 532
447 608
394 568
804 823
661 614
97 669
968 345
605 829
531 70
570 544
330 781
156 897
960 542
549 854
627 990
866 314
647 885
317 114
190 736
467 349
196 869
460 670
599 313
748 201
595 26
316 61
913 949
59 927
477 110
848 654
633 1000
939 857
939 441
638 220
522 739
850 411
887 980
272 217
887 371
274 779
297 698
690 387
513 410
434 581
182 102
204 146
167 633
171 634
736 188
646 745
103 440
498 609
439 922
478 932
618 67
654 939
713 301
91 449
264 533
372 478
944 247
357 398
910 940
585 731
966 792
399 169
459 498
445 571
643 928
767 905
475 844
565 907
233 658
566 380
859 226
454 570
772 747
664 500
460 111
809 899
560 261
561 604
532 171
887 161
155 360
119 91
753 133
627 193
38 231
615 206
957 865
946 516
88 804
444 788
915 259
238 942
833 158
389 1000
655 461
915 368
701 159
958 733
402 500
9 850
559 150
356 883
602 631
31 617
491 28
149 574
580 886
836 815
605 453
899 66
6 744
616 726
121 216
124 777
838 85
966 414
568 537
988 354
970 981
735 727
900 568
995 634
652 137
505 746
487 270
269 727
898 9
865 90
477 276
290 452
528 22
177 120
703 781
326 539
898 184
9 273
470 566
234 563
163 138
976 599
594 154
281 347
357 192
929 455
893 910
819 983
628 77
348 693
155 974
63 818
634 986
229 6
50 699
72 479
751 129
309 414
183 501
573 845
820 526
842 863
50 110
807 256
519 140
209 235
854 741
241 218
846 841
831 31
856 969
998 516
857 432
981 487
159 658
972 935
744 321
66 54
530 393
488 348
109 116
130 795
26 856
517 92
588 527
626 433
757 681
114 669
762 721
503 269
463 46
146 160
739 227
998 175
498 655
669 788
950 745
838 757
485 915
697 731
225 909
4 149
249 220
927 920
882 632
670 881
838 407
17 183
166 528
169 268
614 686
559 27
157 935
611 872
175 403
785 315
75 551
918 121
779 677
252 617
235 285
828 493
520 519
662 928
943 527
234 95
362 936
128 864
185 625
721 615
649 742
888 48
686 231
689 1
145 855
112 782
867 910
564 632
16 888
21 445
354 874
135 453
110 279
609 692
242 951
669 402
427 11
599 977
195 503
219 493
620 868
81 396
501 779
964 321
342 200
273 562
57 107
294 328
138 812
985 711
722 542
959 935
372 859
247 89
254 929
824 178
751 857
221 958
422 127
99 478
317 395
872 222
695 811
90 263
643 551
541 156
209 659
183 852
394 871
497 766
972 312
459 855
758 361
746 926
743 767
32 227
126 711
416 642
522 815
611 89
160 79
743 588
356 676
718 826
847 722
728 74
23 157
26 227
745 777
541 704
232 980
191 987
641 966
511 382
55 157
663 450
978 272
427 538
761 90
448 991
732 807
733 26
202 706
663 307
296 643
542 544
393 427
653 377
675 385
721 579
832 740
283 828
158 952
159 129
608 91
167 698
884 184
371 999
742 42
267 224
984 846
215 174
237 562
312 503
208 629
820 447
462 381
198 935
343 202
471 497
788 437
494 82
262 948
360 294
489 690
99 655
1000 194
752 867
143 192
570 860
788 139
94 630
42 469
522 987
480 778
960 627
720 582
834 968
566 435
90 360
751 893
14 736
597 359
928 252
820 58
839 494
345 94
938 973
52 851
643 400
554 253
351 801
8 153
248 766
389 516
53 695
37 18
554 140
437 776
810 274
724 316
193 316
965 694
452 543
198 47
793 637
191 878
305 811
620 406
308 906
168 253
248 331
73 649
94 16
841 218
163 263
73 160
37 453
31 251
359 222
714 443
589 829
185 719
314 813
669 388
282 271
552 417
36 274
566 72
167 632
244 93
742 571
429 317
162 344
806 913
219 873
2 817
224 897
639 380
135 111
567 104
254 829
400 604
239 203
521 656
958 703
789 911
992 373
573 808
907 508
656 572
640 209
159 411
536 482
981 600
