1000 9880
823 721
419 695
833 593
972 956
155 762
963 835
397 665
78 698
299 699
69 801
929 832
576 667
857 524
243 870
339 95
320 473
999 699
726 81
783 138
198 478
805 334
493 786
169 228
977 589
501 263
122 204
527 145
360 601
948 378
235 222
517 491
331 328
152 837
317 149
359 318
765 791
148 933
648 485
647 659
500 496
64 481
69 357
598 610
647 697
644 768
3 152
757 185
120 818
361 712
715 669
269 878
83 23
794 210
306 458
749 950
664 712
292 777
274 876
650 935
687 384
380 578
767 854
624 416
182 200
883 365
276 261
978 107
559 698
893 796
571 265
267 382
20 770
556 332
120 238
635 881
385 308
872 664
45 354
820 664
305 509
64 128
806 671
128 82
241 511
519 126
298 654
336 469
281 628
732 339
769 479
663 500
919 965
834 767
125 822
242 114
543 682
964 509
713 699
458 554
728 705
530 390
323 412
556 694
133 131
561 712
428 833
666 808
898 640
133 276
688 725
910 116
269 340
19 341
972 277
819 529
791 574
587 438
853 198
554 181
645 282
120 513
887 347
783 396
477 947
494 787
227 45
652 505
49 660
857 781
785 24
640 805
553 4
19 672
496 659
779 966
136 580
362 356
326 612
131 971
649 650
392 817
743 158
528 341
322 930
898 123
629 83
760 286
979 124
708 641
679 947
975 488
529 974
414 344
823 36
755 658
168 610
222 693
724 927
211 708
323 798
339 411
290 205
432 215
357 557
741 764
984 883
569 587
197 906
698 161
717 323
120 377
216 888
947 917
920 10
135 341
744 693
4 528
993 709
668 559
560 480
617 209
945 602
927 606
203 944
294 329
422 402
208 10
467 775
256 820
530 603
432 706
380 264
401 405
262 634
476 894
440 188
578 510
389 781
651 630
446 374
596 526
653 577
428 948
401 64
717 634
773 824
47 71
30 787
911 686
293 195
791 836
558 561
649 891
390 871
69 428
89 358
142 280
201 892
37 206
442 638
795 62
9 613
799 606
468 206
496 703
60 16
799 495
891 518
322 791
491 884
940 227
858 395
44 508
31 774
69 95
966 487
978 525
366 755
917 737
505 673
235 504
646 624
224 119
158 160
610 174
762 507
603 565
642 203
127 655
148 256
978 51
115 414
211 736
448 766
766 82
771 514
813 131
141 774
76 625
8 913
814 535
822 226
8 255
972 699
594 389
958 994
926 92
431 614
440 395
294 282
261 227
544 513
318 492
301 738
323 310
289 250
398 260
309 247
55 919
797 66
85 336
152 733
708 562
565 87
74 594
990 732
114 339
78 718
922 991
913 367
5 273
191 570
1 966
759 167
706 465
286 993
630 373
434 875
909 477
987 901
662 767
934 880
900 288
559 109
304 543
990 332
127 111
554 943
369 675
540 334
619 207
585 883
634 256
887 982
796 541
662 72
187 40
524 937
102 133
177 82
323 545
435 806
171 636
297 713
283 874
547 233
750 102
21 18
430 606
748 713
332 920
24 409
958 700
498 549
615 351
817 236
64 366
16 172
725 768
363 963
298 826
331 735
158 198
489 685
854 91
21 726
460 26
522 109
212 907
49 17
446 908
693 196
159 696
787 387
552 796
539 738
756 612
271 30
6 293
267 715
806 316
347 569
60 694
373 553
636 97
322 249
113 36
535 959
317 434
90 680
97 552
408 941
960 746
958 421
118 134
356 543
873 551
255 363
352 602
501 183
490 837
86 467
36 748
683 207
919 187
61 175
1 716
455 635
59 434
919 40
430 79
822 989
36 962
933 348
799 377
115 587
26 216
728 946
407 376
639 164
605 372
145 702
633 123
279 431
600 364
709 438
693 977
88 384
107 364
876 590
827 151
370 534
903 282
836 975
505 601
931 85
14 859
770 461
220 52
870 90
525 373
563 574
608 917
21 54
629 769
651 163
738 19
29 715
693 612
642 802
573 730
923 823
284 575
51 988
949 827
254 937
845 250
881 810
851 601
428 510
102 749
341 555
263 370
901 713
8 568
209 233
15 351
878 237
56 804
703 962
209 378
322 59
285 165
488 463
532 218
934 274
555 203
557 633
560 291
389 135
433 799
489 939
256 580
726 791
651 589
800 897
263 771
41 355
238 584
999 911
13 846
680 725
681 188
365 384
887 346
49 570
529 496
285 666
416 727
697 586
827 759
293 191
499 614
616 534
18 646
151 422
698 763
737 855
166 609
44 537
689 980
417 649
145 666
538 62
462 171
27 666
228 195
27 94
396 838
571 710
231 811
861 400
992 97
22 258
376 774
629 997
619 863
584 186
978 572
289 770
471 126
349 606
797 682
889 569
621 998
198 953
439 589
333 458
392 484
11 330
251 833
103 672
254 604
683 839
737 950
190 316
229 794
626 158
76 131
518 46
260 330
479 838
599 49
394 432
507 25
294 217
238 106
781 681
123 105
973 493
264 107
470 361
878 346
627 598
616 197
834 132
709 808
648 64
354 97
65 498
374 100
412 321
491 440
763 372
840 823
69 427
804 722
960 496
874 538
762 495
435 446
936 121
75 999
314 565
539 52
98 348
501 642
213 637
219 752
756 913
380 228
334 291
870 945
675 677
59 216
79 21
637 523
603 903
58 272
223 958
149 967
799 698
297 748
62 940
710 872
934 310
153 429
462 417
586 957
449 951
736 105
509 843
826 127
129 197
572 623
849 182
25 788
300 362
112 782
450 283
750 662
418 253
427 105
781 922
930 128
842 884
517 928
285 818
247 281
873 858
447 203
163 640
722 625
821 75
90 455
493 10
556 744
26 879
852 695
203 137
194 425
503 209
218 291
381 693
610 609
379 814
77 604
151 949
207 705
200 889
131 313
276 694
816 342
322 436
109 860
403 557
136 336
752 176
843 203
900 402
499 945
624 665
889 811
737 701
577 468
705 159
192 118
736 157
205 976
478 476
634 414
28 539
247 641
50 255
573 241
496 555
631 575
426 613
267 467
64 538
22 595
776 683
870 191
284 253
881 854
367 403
371 84
138 479
305 326
396 539
879 308
241 576
388 667
280 4
813 230
822 92
401 784
898 612
976 908
760 787
869 223
651 100
979 627
964 229
877 580
994 864
521 624
629 767
722 307
315 907
780 727
621 575
893 186
938 895
842 872
755 137
807 127
475 766
343 604
208 979
885 903
428 712
677 607
734 896
863 292
479 47
913 681
9 919
793 225
394 731
180 200
151 985
411 217
681 854
344 465
531 103
680 619
536 275
517 88
333 935
659 517
790 611
65 442
297 143
322 523
568 335
148 924
666 676
260 981
27 994
909 448
303 849
197 318
112 202
62 552
447 826
621 976
71 426
185 583
876 283
714 74
642 511
246 159
607 389
511 304
995 639
192 368
874 372
158 581
18 917
555 979
974 811
851 28
887 810
546 754
28 797
83 356
965 236
898 183
277 42
82 617
279 652
505 969
699 65
498 258
120 240
449 974
638 86
106 463
992 420
758 735
543 481
163 614
276 212
208 258
869 243
790 363
785 954
570 48
608 355
60 902
149 435
834 765
871 698
587 927
203 918
275 5
459 352
186 680
726 294
29 14
378 400
173 299
324 726
61 669
405 325
445 830
854 474
748 569
787 15
37 353
717 336
942 873
764 435
566 184
372 669
972 128
21 828
635 70
47 828
428 978
553 735
994 315
23 295
852 973
465 530
178 780
97 241
80 566
338 582
514 581
491 108
592 401
494 785
744 620
249 82
735 640
566 374
787 568
292 506
919 79
26 138
908 177
102 401
626 165
808 88
79 899
671 719
286 619
412 802
491 795
384 511
248 244
727 740
598 724
14 901
788 600
400 873
366 580
993 174
225 260
317 748
121 475
396 765
642 229
76 873
93 773
665 188
666 239
617 667
563 541
233 130
250 800
399 607
112 769
189 951
210 370
671 3
519 612
901 522
232 341
791 41
54 178
725 677
769 313
897 364
273 567
79 248
717 52
55 909
649 300
744 238
135 186
108 621
937 617
313 327
338 998
1000 391
998 694
548 865
459 106
42 30
946 632
268 588
985 486
469 61
62 164
122 147
873 697
677 329
843 81
576 628
498 686
503 387
431 230
697 756
187 578
256 944
563 159
781 364
454 92
292 399
974 679
419 162
256 704
448 133
895 227
339 618
149 21
648 270
891 41
874 426
356 901
784 958
733 373
36 27
753 543
20 860
562 127
456 366
754 899
441 623
48 866
289 594
92 228
438 189
646 630
228 577
638 140
533 800
521 1000
245 606
417 359
915 736
380 874
479 630
669 450
524 459
211 960
105 197
233 920
698 50
129 885
765 490
839 419
859 109
362 591
419 668
168 924
797 431
319 959
525 832
226 94
128 314
937 564
151 726
760 581
47 545
782 428
603 145
203 815
425 377
190 59
636 95
982 55
711 399
839 346
826 547
459 22
354 860
839 16
363 434
467 496
658 59
865 517
312 643
728 267
529 302
105 972
554 139
772 198
559 254
230 512
946 209
88 25
936 455
59 424
166 460
724 304
407 978
766 545
913 76
572 234
421 658
334 653
466 509
624 217
914 533
168 143
225 98
448 911
968 204
24 590
956 367
334 431
372 102
335 146
706 770
432 403
451 369
572 959
556 468
944 318
138 333
376 208
653 410
693 669
106 89
841 906
181 425
37 693
771 608
314 253
479 709
408 122
797 736
428 133
46 556
394 53
747 609
489 369
767 610
866 58
405 915
82 256
768 921
181 252
938 473
612 688
262 919
891 491
319 66
255 832
971 531
621 290
208 69
750 397
988 514
830 618
702 272
185 946
816 659
673 126
656 876
167 364
264 85
674 896
40 572
892 807
389 835
543 870
967 154
660 578
535 566
517 71
832 423
501 260
818 710
925 674
506 106
252 602
787 833
139 581
95 252
316 255
728 231
142 295
992 684
75 832
973 871
579 688
339 823
856 75
568 319
348 703
994 233
558 990
173 452
980 52
482 607
398 751
750 413
637 905
150 92
740 852
838 73
624 197
650 979
387 651
580 528
547 425
107 366
550 556
993 129
81 591
758 899
533 574
814 913
562 150
139 171
267 510
3 456
633 347
49 186
585 472
552 303
970 514
276 503
410 310
386 153
673 621
964 36
90 969
519 490
244 338
707 858
465 91
620 725
146 566
129 780
171 393
500 619
677 911
42 13
82 197
850 737
765 402
656 938
246 617
18 286
658 957
679 87
302 670
13 537
189 312
905 127
707 295
913 420
528 893
891 51
69 659
442 521
906 441
654 124
674 646
70 775
791 829
739 116
23 407
649 860
246 68
414 330
550 396
611 142
591 981
959 712
218 860
934 958
683 762
727 897
619 248
72 581
435 469
538 366
960 180
654 440
857 556
969 426
202 347
629 80
371 320
723 151
119 998
465 763
305 82
126 250
404 866
219 805
736 137
296 570
794 473
976 567
663 521
875 623
733 837
368 775
612 618
629 916
759 965
483 598
507 332
971 765
452 245
208 239
553 280
897 355
368 997
557 441
924 604
617 214
85 456
37 797
70 779
930 237
659 281
593 109
25 713
445 976
816 716
68 553
911 247
859 302
40 726
76 12
403 452
939 150
7 702
40 613
87 838
919 569
318 160
29 307
415 782
507 889
700 584
866 416
389 923
49 890
122 144
179 459
570 760
735 198
22 535
518 616
687 803
155 114
515 754
238 269
517 288
866 130
532 675
576 787
852 192
763 487
164 194
187 291
26 239
981 405
841 290
808 53
662 816
865 164
774 798
870 951
357 576
28 672
857 520
343 557
418 708
400 967
294 16
168 291
857 803
580 616
563 858
340 737
793 929
166 877
880 76
528 82
927 106
917 448
331 959
875 698
785 726
128 255
182 38
193 448
245 974
361 193
971 776
525 925
896 99
578 541
975 525
669 370
691 806
452 462
881 756
366 12
152 258
194 133
747 819
204 494
243 624
928 274
858 95
165 405
371 679
722 766
170 7
817 786
88 734
929 952
587 644
678 861
90 152
899 512
249 461
263 837
14 117
587 277
491 376
56 427
42 130
80 465
647 995
998 957
749 505
914 78
442 831
596 412
208 565
118 40
193 135
300 704
709 556
397 524
553 48
40 157
205 893
45 660
980 17
303 812
879 781
645 625
374 659
417 710
906 329
474 785
625 631
665 600
244 187
157 796
33 790
505 721
583 442
951 438
168 287
685 358
888 398
380 570
475 278
496 779
976 24
372 150
638 169
29 740
671 53
803 453
101 210
618 76
450 458
31 315
324 311
915 620
110 352
310 870
798 219
410 824
90 788
864 819
42 659
663 791
926 191
720 762
713 562
759 723
890 686
916 352
502 811
104 134
692 271
273 655
228 698
375 456
892 214
35 917
414 668
695 821
46 977
299 716
28 6
69 702
655 91
838 973
660 579
94 259
277 801
674 930
576 647
382 542
956 857
649 807
186 863
355 322
787 480
666 674
98 32
923 49
947 183
827 605
811 263
545 720
948 523
715 899
37 276
700 436
314 747
704 63
97 784
681 631
761 51
473 233
162 662
330 448
645 887
293 733
304 235
68 348
676 915
680 342
421 888
391 924
943 659
987 479
382 263
628 475
920 276
426 549
395 473
628 74
656 653
521 513
759 913
779 201
873 246
381 311
953 174
536 450
385 554
651 787
86 852
488 419
470 247
751 619
493 174
712 402
752 687
623 164
276 923
74 328
259 680
649 16
744 914
941 297
331 10
781 612
583 792
911 801
327 222
701 333
759 251
317 68
324 166
585 716
804 554
109 802
957 20
819 47
809 5
903 695
65 309
249 80
306 57
681 67
865 302
3 107
131 958
460 818
373 255
878 527
553 153
165 707
847 283
244 844
335 55
796 555
600 220
295 741
685 634
685 285
82 242
841 103
737 54
577 557
941 196
27 524
20 691
618 226
67 376
249 637
107 619
681 936
439 936
590 163
214 616
223 650
426 424
816 16
727 163
824 635
55 745
918 553
320 810
980 850
323 177
785 932
925 180
730 796
57 110
336 87
350 549
186 586
902 140
389 87
420 95
123 253
360 217
398 467
398 479
670 267
621 295
514 995
548 867
938 67
367 623
265 315
731 664
130 619
302 405
484 536
783 206
387 373
880 333
352 918
478 58
858 161
106 653
527 213
515 757
75 186
696 318
199 789
3 54
477 915
61 212
23 832
340 413
912 374
161 806
771 61
442 493
424 144
745 780
448 806
174 28
322 787
624 191
383 430
205 954
12 973
980 220
127 853
443 122
562 204
858 855
324 175
179 676
129 399
900 908
965 162
604 486
382 460
495 183
171 677
686 260
304 2
512 743
418 22
871 905
450 487
513 195
55 348
920 251
355 574
450 278
33 294
863 926
590 66
224 695
7 878
963 76
864 903
280 376
601 724
798 926
150 167
949 18
643 987
570 857
499 451
934 403
369 424
42 478
388 230
800 750
29 244
15 1
616 6
75 491
213 105
808 583
494 514
374 628
43 742
282 946
264 153
670 513
375 261
970 648
436 447
26 447
762 901
84 361
196 867
207 259
805 439
40 783
577 56
616 450
71 306
274 720
518 887
577 425
631 794
882 819
819 404
665 129
364 335
350 270
42 186
139 419
822 612
300 886
942 61
656 230
869 567
235 331
633 204
373 457
406 748
112 621
665 201
974 893
461 790
337 264
580 476
176 906
693 667
305 234
785 544
381 95
333 220
410 615
196 84
34 155
327 770
985 84
112 843
461 120
889 517
502 760
394 51
270 614
343 116
346 264
409 929
134 49
119 493
497 829
46 780
431 518
124 500
15 327
94 708
388 843
778 511
342 22
716 295
940 674
648 991
481 882
420 805
815 605
220 805
138 447
830 442
695 434
808 660
437 548
207 690
709 860
156 76
986 783
777 488
491 421
265 732
359 676
820 394
201 734
109 829
237 264
204 983
499 993
260 833
208 530
253 341
429 950
502 148
454 11
870 643
728 152
265 958
931 541
14 739
991 321
792 905
758 116
509 490
201 905
758 231
540 430
374 764
305 987
953 791
255 171
426 881
978 322
46 402
542 722
478 363
714 299
416 967
520 736
998 99
853 868
91 261
774 400
120 243
564 844
746 107
453 551
863 816
888 248
564 755
211 525
551 983
622 546
669 392
904 405
926 9
133 852
73 921
772 919
391 891
171 24
214 158
270 412
860 388
474 251
728 750
575 179
613 76
630 121
927 758
216 694
959 376
242 254
15 121
700 823
665 940
281 955
527 466
820 72
804 885
702 108
201 617
131 370
867 60
189 24
484 994
595 348
269 160
363 269
199 931
112 11
60 299
717 49
734 447
148 838
240 943
61 207
151 719
946 151
305 741
892 703
452 604
770 873
662 699
539 44
705 324
871 339
161 484
148 676
980 185
818 44
801 986
88 597
605 340
906 740
97 101
173 200
959 147
679 816
162 602
508 569
173 132
495 813
955 734
740 88
223 983
386 418
741 662
172 407
174 445
231 692
470 596
381 7
908 509
755 774
662 342
370 280
498 293
963 309
157 406
195 223
512 651
175 989
657 644
271 658
148 79
724 634
516 910
744 307
779 244
543 343
980 851
161 189
327 744
599 926
315 948
941 536
347 327
740 150
428 764
801 126
327 415
109 449
886 539
282 701
14 236
950 520
644 355
238 782
791 524
800 908
442 173
445 176
392 36
856 713
804 873
677 485
180 131
829 298
441 601
9 829
1000 680
998 919
561 751
458 188
65 710
840 940
527 212
929 621
494 833
631 896
541 440
340 47
612 799
306 620
473 970
809 96
489 788
688 931
283 345
866 994
226 261
568 98
231 20
734 181
774 796
331 706
940 556
705 465
340 380
555 911
115 948
866 708
336 967
765 989
338 109
827 105
999 96
396 269
70 444
115 805
802 943
859 674
732 172
22 290
867 835
743 15
166 160
400 630
609 264
276 425
873 649
794 682
98 783
427 847
672 312
824 681
368 805
366 816
475 220
618 505
238 616
276 143
993 651
869 8
85 633
772 623
704 881
157 13
929 92
345 277
823 632
94 632
935 98
225 963
985 367
467 806
673 87
108 588
751 778
554 306
699 679
459 186
761 782
686 931
506 371
455 78
48 47
612 211
213 104
271 973
806 247
368 463
838 300
339 574
928 97
622 895
236 206
327 161
717 537
995 907
227 277
448 454
765 781
140 346
772 193
539 246
373 944
476 387
277 606
403 783
904 808
743 511
272 50
435 414
149 660
278 120
338 303
339 122
710 31
862 785
951 259
793 865
442 369
830 644
796 620
784 44
725 119
940 679
153 115
63 720
62 627
106 53
404 804
791 408
281 215
634 751
928 918
249 587
660 469
149 72
150 499
727 399
162 453
110 503
99 866
206 906
244 377
262 104
559 898
394 48
756 476
354 812
409 597
546 174
582 688
548 480
343 228
492 738
848 330
721 988
1000 149
393 969
11 403
273 611
882 169
845 51
686 733
487 52
530 525
517 785
756 609
818 932
47 966
564 348
748 721
747 942
290 549
43 807
658 376
414 642
734 535
469 708
691 843
422 185
874 922
1000 337
271 428
38 973
192 793
601 243
463 63
71 243
56 312
365 466
972 382
593 631
575 675
818 852
502 149
911 749
953 68
771 342
772 165
757 865
141 263
808 209
115 673
867 334
500 365
227 751
433 156
359 771
457 22
130 404
23 195
947 425
598 605
140 29
128 637
18 577
257 799
3 303
390 733
395 169
415 58
665 164
711 979
358 387
784 310
759 845
543 92
485 4
180 598
660 344
242 827
974 120
333 80
922 479
124 315
916 177
940 207
170 411
634 852
319 18
544 726
363 930
134 173
230 423
622 264
163 719
493 172
864 576
539 852
226 617
341 776
180 394
308 71
749 132
722 565
955 861
85 275
983 318
503 186
111 483
648 843
63 742
270 46
890 277
268 571
900 48
633 621
463 936
778 980
583 939
507 956
679 404
994 422
832 309
725 54
571 656
406 107
524 554
457 417
849 999
723 954
616 682
303 742
362 366
89 558
128 682
826 948
548 164
982 792
955 882
206 262
597 703
714 509
957 989
24 649
810 808
262 391
611 434
642 225
827 39
477 482
121 584
943 645
983 952
236 783
333 227
104 757
121 569
340 797
15 619
56 632
256 74
124 75
718 46
149 122
450 304
930 6
457 680
450 163
732 269
492 554
793 439
997 191
83 601
855 49
108 986
473 371
860 617
811 55
26 997
172 619
392 678
263 700
838 780
431 686
364 643
754 55
437 377
441 751
351 20
27 202
285 934
783 91
803 825
437 539
666 855
21 860
479 496
248 890
801 456
329 347
144 597
826 877
478 56
511 935
834 304
985 132
878 697
717 709
576 999
776 233
620 400
677 87
382 935
44 724
732 617
92 712
364 357
884 604
230 533
867 390
960 100
779 536
856 181
415 476
680 99
457 46
828 43
866 850
278 972
943 970
692 714
16 91
839 613
366 757
16 234
932 424
845 633
923 551
470 518
291 433
132 907
263 420
500 793
854 888
54 112
849 280
997 864
798 339
360 379
852 208
774 961
641 52
980 13
898 413
557 248
15 506
941 345
285 469
772 985
20 38
389 407
411 611
727 185
125 775
724 901
712 349
716 317
76 220
795 694
173 289
967 908
659 167
713 575
256 402
579 156
228 374
1000 487
274 10
995 712
21 783
264 12
275 500
531 78
265 678
588 948
94 181
995 751
807 184
139 886
547 709
352 547
313 803
265 896
307 317
936 459
23 73
926 810
411 491
699 975
491 185
438 960
3 165
296 953
903 526
942 464
225 758
883 632
663 398
188 878
26 113
961 554
127 843
535 176
870 801
908 454
514 77
185 577
183 90
385 7
258 271
791 411
225 320
867 785
907 797
926 742
111 820
242 645
519 365
543 123
985 264
133 579
119 638
120 967
450 457
540 737
416 456
932 896
738 979
210 914
507 486
294 312
385 636
613 86
246 513
319 991
603 64
878 74
418 508
937 532
829 542
51 468
16 231
381 739
536 822
241 16
521 166
617 461
411 794
655 55
933 945
237 484
829 736
939 352
189 129
869 751
174 559
967 150
164 577
56 330
700 627
579 918
193 247
915 376
165 121
863 86
246 124
378 940
969 711
623 694
827 737
863 231
991 306
106 594
783 550
314 519
740 961
500 366
359 21
839 783
221 468
39 705
813 752
600 394
980 167
505 257
213 560
236 759
644 670
131 869
634 302
304 287
31 196
857 581
453 370
236 518
679 900
690 351
231 829
362 956
861 390
811 753
336 543
811 520
201 459
737 265
637 272
765 219
319 636
548 295
128 186
647 45
392 639
629 557
632 255
261 259
319 29
466 579
346 157
254 546
863 976
941 562
30 467
949 39
497 168
247 476
343 135
927 752
206 952
950 691
700 834
536 227
812 688
890 560
651 29
892 134
89 497
697 400
934 359
551 221
557 644
482 318
357 52
683 818
920 608
226 827
174 587
930 649
612 529
852 970
288 329
451 908
311 615
494 683
614 836
710 299
329 284
817 291
65 266
654 354
359 424
53 668
752 76
148 823
274 534
314 539
496 650
369 668
163 274
40 487
443 994
638 443
654 444
239 596
349 404
850 347
278 912
172 371
524 920
357 953
709 404
33 979
505 654
187 86
301 520
361 463
548 101
732 202
576 358
176 84
965 348
683 285
306 715
126 409
976 555
205 471
479 648
621 847
729 953
278 136
401 834
628 169
901 629
258 537
423 497
101 23
547 901
159 581
418 211
523 156
997 45
51 687
806 525
147 128
871 995
521 435
522 92
688 172
164 965
401 509
96 711
321 294
1 532
329 764
290 618
679 196
612 57
18 401
982 415
216 298
370 274
967 201
346 693
360 176
437 538
761 594
869 551
434 304
351 821
304 780
674 678
218 295
911 695
1 876
878 702
580 912
869 78
550 428
735 992
355 492
178 15
516 379
4 407
121 495
960 101
979 195
339 96
601 373
486 977
657 443
549 253
254 333
370 668
352 511
170 842
245 406
909 229
88 463
935 869
771 220
265 687
408 470
542 665
923 393
501 620
840 505
513 437
641 760
248 192
770 28
650 614
372 190
799 155
105 349
895 290
516 703
684 329
41 729
651 144
854 889
746 30
339 412
31 434
200 118
755 996
955 828
225 189
968 123
699 253
774 233
333 23
618 487
824 538
881 543
918 712
975 521
711 727
716 687
256 373
1000 401
446 168
284 259
655 828
762 752
872 159
665 584
595 651
959 106
7 521
907 519
824 231
881 458
934 348
797 204
636 84
360 839
551 477
539 573
810 774
946 537
229 619
838 523
117 714
640 599
880 364
478 21
596 408
758 117
140 390
857 940
895 940
606 273
503 373
844 670
810 282
835 869
909 470
753 732
29 625
865 506
26 348
396 126
469 528
400 121
22 128
65 155
745 749
887 574
822 635
770 222
974 934
921 346
297 528
376 503
504 44
197 247
607 572
719 150
232 726
286 311
548 46
269 571
328 201
538 68
41 676
704 356
581 745
944 307
429 309
242 642
258 703
373 836
449 996
727 393
783 212
385 148
224 776
770 693
410 612
980 695
698 214
712 13
819 883
968 151
862 823
149 296
815 907
392 467
29 770
234 448
72 315
950 394
661 205
703 838
599 913
964 370
657 810
424 979
206 725
228 53
346 984
328 611
972 948
630 696
740 168
405 737
834 949
964 528
747 928
472 878
199 261
436 201
511 567
499 188
160 27
713 993
276 737
298 377
999 691
602 427
51 967
421 125
244 688
1000 738
325 882
667 490
743 575
252 966
42 461
747 569
879 566
734 81
257 627
40 125
866 57
524 663
597 839
801 834
219 96
516 307
258 95
98 48
558 850
597 808
671 721
660 219
641 518
235 155
219 574
438 860
41 998
353 948
26 82
979 104
376 19
720 904
844 838
600 482
839 701
111 730
465 444
140 716
471 226
105 137
226 175
438 489
595 150
427 888
394 67
710 709
767 956
807 469
185 830
206 996
945 852
105 247
443 856
254 976
536 343
384 964
668 684
548 518
642 607
241 320
778 15
302 961
715 369
216 642
270 355
328 560
403 62
892 757
261 36
959 93
82 778
199 344
661 451
129 594
574 892
5 47
411 840
801 192
270 189
330 616
60 593
118 475
544 302
156 60
104 373
436 348
518 758
464 621
322 327
531 137
515 524
679 257
648 171
936 44
641 703
311 614
645 588
317 177
924 479
895 868
930 872
400 163
30 257
113 436
921 583
408 686
300 644
725 165
827 637
455 596
853 705
467 122
404 521
991 567
886 267
988 351
583 327
25 453
814 71
927 492
289 584
700 186
337 452
634 690
463 268
366 569
862 578
556 409
205 325
461 987
483 895
671 120
874 116
881 784
608 72
516 875
115 104
519 453
885 517
10 87
67 410
877 629
968 175
471 484
111 77
186 372
314 289
315 600
500 596
464 322
72 371
55 538
223 404
725 946
356 11
350 553
886 751
225 932
134 286
104 179
711 528
363 686
696 918
213 480
490 807
87 395
470 497
437 744
683 128
298 174
544 330
441 407
345 73
991 198
333 920
562 930
190 867
268 729
506 60
714 633
861 758
716 223
40 904
758 358
887 390
943 400
231 418
109 770
312 604
41 98
300 729
65 356
47 60
840 830
841 459
92 603
936 465
27 928
545 547
491 223
473 632
202 390
64 427
187 193
261 996
153 235
80 965
500 214
339 208
196 719
503 989
465 730
340 750
861 92
477 339
595 112
482 66
798 439
289 709
16 891
749 775
955 136
59 959
922 371
618 194
271 578
201 386
385 219
686 379
177 665
486 493
471 27
509 836
629 627
315 759
119 517
417 91
935 313
24 163
43 129
688 250
925 227
48 281
807 736
852 568
270 710
953 234
772 618
699 986
81 487
968 937
589 7
467 498
555 251
651 684
94 144
34 678
169 981
497 448
388 113
492 783
209 468
925 629
854 4
602 37
184 246
743 820
29 274
657 969
958 433
27 241
445 66
826 783
4 199
297 91
80 613
448 473
981 225
361 808
112 86
60 238
45 638
942 756
52 634
843 337
679 559
663 170
667 47
226 181
891 589
382 848
737 807
404 594
496 723
975 229
922 915
705 257
463 49
781 108
106 798
88 317
306 332
533 763
610 414
893 60
206 461
813 283
596 93
448 901
305 12
625 763
366 663
75 742
171 999
353 792
795 35
936 777
629 132
210 18
871 203
405 770
509 6
550 996
510 289
756 372
72 295
941 409
210 165
157 426
672 882
181 292
845 893
257 508
203 527
557 73
580 784
798 333
427 96
894 282
896 213
416 596
760 794
501 936
443 854
216 717
368 979
850 746
367 551
246 916
356 124
30 501
142 723
34 1000
440 431
96 529
847 80
261 207
318 432
323 282
694 831
492 387
830 303
155 903
930 385
381 737
708 825
857 380
195 613
803 866
73 835
436 377
274 108
504 687
475 851
618 815
418 272
176 593
98 219
61 965
192 796
286 954
161 535
790 634
57 614
166 256
725 31
174 783
935 66
657 215
655 324
786 501
313 215
352 84
210 547
503 758
827 592
349 236
687 196
710 239
838 48
434 938
713 691
69 142
625 534
120 938
874 383
744 781
144 490
116 478
372 64
979 984
11 922
984 578
514 47
663 79
791 441
372 247
702 875
149 105
650 654
676 894
493 502
771 578
529 843
295 256
632 146
704 623
888 252
245 897
431 960
710 597
437 223
883 3
96 479
191 291
78 291
685 777
959 382
337 923
708 190
301 512
433 827
436 793
293 944
220 624
920 934
189 767
800 588
167 40
211 410
958 781
109 473
76 230
285 789
9 43
172 529
276 535
192 602
18 58
882 829
829 258
904 167
717 818
799 958
564 81
787 242
916 982
60 432
725 66
321 900
730 488
571 804
678 120
482 241
134 782
909 396
360 717
435 317
883 871
772 132
630 240
558 909
170 562
779 864
502 359
161 797
164 212
383 32
754 692
166 526
597 858
391 495
805 173
59 327
660 245
162 580
515 88
202 325
442 308
634 320
46 477
135 23
344 526
699 388
554 641
991 980
832 867
941 63
889 886
942 232
125 316
996 612
642 252
516 709
21 225
724 928
965 346
778 537
200 92
484 284
324 485
99 959
281 430
980 744
731 162
402 682
665 336
996 262
190 341
797 339
765 479
547 788
220 585
733 609
554 809
577 836
993 732
209 205
122 742
840 112
215 255
436 108
163 748
517 965
276 981
849 270
544 621
82 996
928 268
565 969
365 83
916 293
941 822
545 117
86 87
714 644
623 308
113 11
904 244
579 818
495 69
636 161
948 229
837 741
482 435
374 205
229 710
126 866
726 769
430 322
123 316
342 542
787 895
735 93
635 727
876 37
442 519
724 401
243 184
240 862
478 488
260 571
743 292
339 98
70 150
932 245
791 921
809 262
884 718
741 835
596 58
652 244
250 506
344 635
129 273
684 549
64 330
841 485
589 736
8 425
928 527
288 746
323 852
654 696
690 767
571 234
117 447
6 859
1 121
833 944
851 315
229 499
360 382
162 44
220 282
3 804
315 758
137 762
671 381
285 466
252 171
803 269
321 503
259 811
612 667
439 681
854 712
215 902
695 408
864 924
37 350
703 957
462 613
764 189
450 53
532 43
533 350
795 651
225 967
302 41
769 919
499 755
491 141
560 415
316 541
137 182
241 312
161 1
964 589
215 597
973 393
243 660
173 789
680 631
146 79
554 80
646 384
902 542
220 996
104 477
565 368
255 382
346 518
772 62
387 216
904 974
458 47
814 448
961 156
892 652
36 832
37 233
387 502
879 891
763 409
583 146
896 844
867 423
230 357
947 383
36 148
110 959
723 228
690 39
650 807
527 744
895 482
914 671
496 946
794 121
232 728
832 683
686 186
319 439
943 713
181 986
34 293
306 574
98 645
770 401
557 55
860 463
362 889
660 320
519 620
776 945
561 141
600 725
858 505
845 205
849 138
100 260
134 416
711 804
180 668
275 384
155 982
289 44
806 587
733 681
419 673
919 808
406 837
851 11
756 621
479 134
560 304
744 45
158 489
290 545
845 273
114 285
333 637
597 400
277 954
591 962
852 578
334 509
130 735
41 40
99 254
820 262
771 346
334 982
942 273
549 81
951 605
53 770
873 336
187 752
60 98
210 691
690 233
66 655
13 404
128 706
145 292
900 668
461 578
985 468
49 320
638 386
984 293
417 740
865 230
39 754
425 581
870 881
743 253
283 547
876 418
92 465
510 96
992 239
978 48
267 503
529 984
864 425
756 239
404 196
776 847
504 296
12 257
822 278
860 93
145 864
704 419
188 706
64 592
764 545
105 100
144 590
987 322
3 751
561 169
823 873
916 189
827 362
646 994
831 290
501 907
706 483
263 438
376 576
360 453
474 85
721 60
589 125
536 119
901 321
759 653
704 957
835 197
48 689
123 215
556 793
170 108
891 234
877 979
308 498
294 5
667 651
856 754
565 150
34 606
821 573
792 558
96 907
494 682
959 898
545 842
268 567
437 948
518 647
815 962
317 94
516 108
774 247
73 634
201 846
101 853
64 210
118 901
959 753
64 830
204 726
10 831
887 627
957 104
328 470
273 459
58 547
238 449
756 791
887 992
853 688
901 661
990 507
779 734
679 933
813 499
841 407
939 490
470 766
6 892
263 103
585 509
417 339
220 384
224 835
279 793
141 792
646 831
354 865
728 90
542 892
889 704
564 732
621 989
927 802
8 518
979 563
594 674
769 305
593 213
479 824
6 440
851 749
485 407
627 402
449 494
198 739
716 356
113 953
440 215
816 594
837 281
454 904
61 346
281 922
677 783
160 69
968 925
925 155
296 389
648 250
356 585
928 90
412 299
126 867
182 945
44 895
114 519
904 979
444 355
304 783
783 663
226 60
217 423
182 723
117 390
377 41
896 865
538 342
421 626
723 858
926 861
729 429
126 319
879 871
862 371
322 956
818 205
710 71
676 243
236 570
478 523
63 699
694 459
514 101
509 143
332 648
59 64
798 527
194 681
546 562
283 920
819 634
548 132
879 682
176 848
614 141
229 353
581 988
488 805
970 797
513 340
396 616
370 313
889 627
250 959
396 823
91 497
827 293
261 311
299 140
505 600
56 903
360 892
480 551
392 393
156 418
394 379
142 757
418 357
525 888
565 955
248 854
474 188
627 366
332 50
189 407
150 903
168 473
424 536
53 354
526 953
431 319
327 391
345 58
18 240
865 819
256 517
847 839
204 203
208 782
84 401
142 49
236 180
392 55
790 749
166 139
494 516
441 632
446 334
942 536
890 329
764 354
568 461
715 174
790 798
61 16
423 649
463 876
517 62
186 248
785 77
715 396
734 120
862 77
419 40
740 553
686 197
883 335
749 677
398 539
761 175
378 729
895 28
181 718
123 409
735 743
629 96
477 147
975 148
903 411
690 36
583 435
272 213
757 460
478 743
172 310
600 265
515 288
171 630
278 718
870 180
673 744
659 813
567 204
608 899
861 303
383 575
975 347
577 920
525 687
935 761
644 156
206 911
98 812
211 631
399 268
510 513
429 543
497 934
483 407
832 404
406 699
814 721
772 953
494 117
498 72
704 803
688 152
372 593
102 590
678 519
399 34
994 1000
668 617
831 239
447 367
217 769
750 405
787 397
881 282
879 243
475 713
445 785
659 199
551 109
627 763
204 152
195 165
990 678
312 841
277 953
186 878
999 684
925 265
348 480
929 718
658 388
161 676
36 560
611 444
459 955
317 57
9 888
856 420
781 458
32 183
30 966
678 82
576 948
705 80
156 872
602 712
914 316
476 461
614 815
248 404
395 625
912 293
917 988
679 717
166 480
443 877
540 309
746 526
139 628
286 741
724 672
541 669
653 67
162 574
515 126
440 836
603 337
712 656
732 883
130 179
650 938
889 856
616 992
585 571
291 508
993 778
987 468
290 188
201 463
77 356
557 26
690 701
450 438
875 635
694 221
16 980
698 144
203 722
555 633
591 335
13 93
98 816
427 906
274 558
312 442
883 5
287 532
464 149
245 816
971 591
46 963
747 722
966 880
195 780
347 192
699 919
792 115
688 132
781 985
194 853
342 453
271 505
787 312
720 245
697 133
831 3
774 46
837 894
660 921
937 628
132 274
925 485
320 530
51 482
108 657
972 42
959 828
247 254
639 808
105 705
705 786
465 547
263 906
910 67
696 203
165 136
829 369
977 678
445 392
818 738
527 254
70 895
827 656
579 519
416 737
936 504
293 165
779 866
728 956
235 90
273 313
918 299
41 805
83 478
746 610
213 623
36 1000
607 339
154 127
597 713
359 138
793 860
941 172
487 456
452 911
439 131
301 158
876 534
970 735
789 377
628 407
978 66
409 837
266 198
990 481
287 876
200 94
110 449
699 100
828 576
23 678
817 209
910 854
309 341
607 932
6 159
209 33
979 581
285 460
531 524
167 383
542 140
211 924
876 986
664 26
993 722
498 144
869 111
997 186
546 66
530 575
17 912
697 214
938 296
744 215
377 914
618 560
968 543
892 198
754 48
551 454
854 511
18 141
554 491
828 379
325 361
976 393
332 496
624 667
768 389
436 307
519 414
756 836
326 358
648 74
649 791
230 898
47 72
874 233
878 578
40 794
113 452
683 560
207 406
45 535
717 968
445 234
841 456
52 609
753 820
22 777
792 856
44 721
836 693
819 385
35 494
734 44
495 760
410 86
247 695
984 367
841 298
953 992
170 822
50 160
931 825
150 143
894 176
48 208
871 160
125 935
664 954
885 452
390 440
121 623
339 416
185 778
998 211
828 612
794 692
353 588
980 671
621 815
380 867
306 890
642 992
368 859
257 262
99 989
25 994
286 239
871 535
986 335
785 1000
381 263
648 716
115 359
133 637
926 75
394 376
307 569
23 697
720 611
430 640
67 153
752 671
824 380
517 807
55 1000
369 417
561 547
66 451
967 907
91 956
188 661
26 885
299 331
860 872
518 290
313 732
91 495
598 28
734 265
91 602
134 682
484 571
969 605
553 286
757 936
627 941
957 228
260 852
695 198
155 86
601 113
35 684
754 536
848 605
165 930
60 88
832 225
840 684
239 682
349 54
336 891
335 71
671 761
767 64
515 5
629 111
22 119
614 509
606 199
176 675
106 172
732 872
269 678
932 122
594 905
41 543
23 923
780 54
999 386
118 904
236 942
757 380
480 408
409 908
963 469
33 520
931 51
614 174
484 327
949 955
508 349
612 603
732 294
460 132
462 314
202 460
637 41
837 726
584 395
112 977
404 503
445 733
587 796
630 914
479 994
835 90
104 976
566 222
643 232
879 141
721 103
669 307
503 105
34 854
720 153
631 365
760 618
781 662
34 713
651 602
566 619
414 950
420 577
925 826
568 123
587 297
601 245
948 334
201 711
511 998
314 279
353 268
264 267
467 260
178 241
467 59
144 801
94 37
757 875
154 326
320 98
268 450
941 959
684 923
67 840
839 778
897 519
914 479
340 336
830 731
710 125
676 165
969 437
257 785
611 968
237 162
32 332
387 666
336 152
978 460
15 895
993 777
480 420
651 335
763 995
768 673
349 734
300 6
764 547
46 742
655 700
250 901
34 182
16 981
436 710
474 305
238 334
275 704
992 446
332 951
774 282
85 729
12 609
253 403
737 494
578 554
760 825
686 545
928 628
391 524
216 646
199 455
492 595
498 900
369 408
522 52
512 226
34 890
384 238
170 106
673 17
233 522
240 318
739 816
26 685
817 850
217 62
949 373
91 533
557 784
905 247
598 68
393 427
711 223
553 709
639 783
894 245
909 312
35 663
114 624
870 727
448 4
430 404
567 685
986 524
403 988
563 58
193 67
476 321
634 109
981 504
575 492
201 307
666 416
460 953
27 742
343 512
242 609
788 211
41 966
150 224
600 610
174 234
59 38
442 162
372 167
266 884
569 885
897 958
720 775
262 264
357 134
858 669
196 4
954 168
148 231
318 563
154 560
301 959
786 14
662 472
349 595
133 646
779 156
104 778
608 82
751 168
993 608
333 511
355 667
997 40
980 858
124 452
531 636
234 516
661 257
149 477
579 392
7 915
357 346
158 261
473 373
381 580
116 389
946 780
432 766
803 961
596 828
99 380
722 3
892 167
711 306
15 203
22 701
961 107
875 672
969 928
298 460
212 394
213 191
861 611
364 189
331 268
574 344
944 881
445 284
287 489
14 307
448 159
247 513
213 913
754 727
149 633
118 790
157 926
503 808
732 534
435 568
991 535
794 241
466 414
652 471
368 234
254 449
699 308
672 908
215 494
417 531
783 936
258 293
13 11
604 370
928 897
46 316
128 857
534 465
936 928
314 124
41 732
922 383
559 518
799 23
784 372
966 524
220 358
987 101
578 880
922 494
599 682
216 945
146 996
544 831
157 228
270 573
521 577
349 808
388 968
778 112
66 318
652 422
894 732
988 641
534 541
975 901
337 881
85 499
474 186
630 849
850 561
33 137
808 785
330 605
592 120
129 670
97 176
646 357
5 99
812 629
905 45
816 624
403 344
646 500
795 938
192 645
411 933
564 101
463 919
566 575
22 601
630 482
575 295
428 908
88 965
285 565
967 57
26 391
136 347
155 41
729 124
383 135
135 760
286 892
36 835
829 154
425 844
796 837
838 456
16 415
624 68
879 788
81 703
499 728
230 280
344 939
992 855
554 546
726 137
187 439
667 833
390 744
905 852
525 99
433 75
876 441
435 645
383 731
365 956
135 188
482 760
533 985
236 943
292 873
650 519
957 905
484 497
926 744
504 271
567 206
954 241
884 114
999 95
290 542
586 964
158 16
16 633
206 828
372 556
263 335
503 241
132 538
59 554
941 712
543 276
316 734
588 185
484 900
786 922
398 492
163 681
592 981
845 445
850 533
100 244
781 661
32 380
270 170
840 827
555 104
593 317
523 534
483 85
981 830
406 594
269 466
52 998
414 645
893 923
181 646
175 734
265 379
364 999
919 489
226 896
377 276
623 591
551 290
293 62
380 243
333 813
691 487
801 635
752 215
916 796
611 700
269 918
787 553
737 726
315 536
409 307
505 410
101 278
932 185
752 471
966 392
455 909
719 192
166 704
995 616
852 487
908 17
358 88
935 808
962 966
889 862
720 688
33 555
215 263
785 516
110 555
721 646
802 833
305 415
949 926
237 604
57 270
913 384
422 566
319 138
909 748
125 231
219 110
368 868
883 7
721 928
774 170
498 27
650 492
319 27
953 427
342 360
966 886
136 629
99 613
854 759
547 717
720 247
169 631
460 50
759 654
188 298
488 315
878 104
134 454
670 276
160 205
454 931
296 209
186 913
759 428
355 58
178 545
624 625
938 985
679 175
743 888
445 21
503 259
952 183
165 182
611 474
104 804
334 791
981 52
457 328
420 836
347 940
153 583
147 629
222 219
464 799
106 944
611 777
818 85
239 749
407 669
140 56
396 402
953 827
36 121
475 395
245 301
139 368
529 808
128 975
899 330
210 71
875 827
590 802
13 61
975 364
387 911
82 704
146 878
510 381
966 891
853 367
629 744
500 691
695 347
30 132
244 992
552 987
669 499
980 756
582 608
4 574
162 119
727 981
419 540
119 429
326 161
124 453
417 391
113 860
935 481
433 375
815 790
366 120
29 118
341 836
589 30
440 107
350 530
223 288
460 86
680 944
702 214
868 58
172 753
341 166
281 718
604 748
294 36
82 770
526 851
584 576
549 722
986 860
694 517
979 397
429 724
421 48
853 29
1 870
627 832
743 578
264 452
174 843
138 831
294 324
365 548
224 472
791 968
49 675
801 668
267 271
400 19
273 283
245 495
395 776
602 928
130 87
526 563
25 315
407 673
874 288
893 516
50 862
533 595
366 764
719 184
651 424
227 778
288 902
810 493
707 593
980 443
124 549
513 312
253 135
202 583
331 607
137 540
375 660
950 134
879 292
715 783
917 71
137 621
46 543
656 703
715 583
3 808
371 866
134 66
780 592
825 841
399 346
424 514
549 270
441 80
849 51
81 73
851 541
818 171
38 953
310 946
99 701
48 749
779 738
323 293
312 747
172 582
892 85
747 954
273 665
368 281
845 361
539 642
27 470
816 625
708 551
743 939
735 270
60 534
668 341
317 417
472 182
435 42
631 94
467 509
543 772
972 338
829 439
243 950
187 159
31 661
947 52
74 392
438 697
593 924
283 396
305 724
412 552
554 769
205 883
98 389
430 60
306 246
625 780
201 916
349 52
296 928
794 163
767 135
464 631
641 572
969 415
698 583
48 156
439 39
222 973
741 867
23 804
232 845
177 252
430 798
892 989
37 600
224 177
352 102
767 61
500 934
905 932
600 268
84 677
362 67
126 56
607 587
130 476
462 30
559 692
429 303
236 797
475 145
719 946
48 77
180 634
822 441
606 512
495 67
522 429
975 725
979 654
711 915
233 976
947 840
132 628
171 422
177 521
445 113
328 651
774 94
380 103
698 332
347 278
912 618
821 2
243 21
412 217
840 978
346 853
995 352
872 245
433 895
655 60
397 284
200 818
822 124
386 559
204 234
756 783
691 712
970 433
863 462
991 5
227 424
251 318
269 179
88 127
2 494
459 720
46 597
140 416
359 300
431 163
907 728
18 772
403 962
443 753
545 637
967 322
516 170
974 746
575 905
27 879
121 120
448 216
58 523
120 832
692 538
328 269
870 885
710 898
697 620
491 952
679 957
149 914
418 282
55 505
375 713
441 317
188 734
790 436
393 674
11 127
695 137
437 169
241 536
320 937
393 819
655 559
654 322
495 468
690 922
960 654
418 313
464 39
494 896
161 25
548 659
536 51
209 373
462 929
289 189
532 239
121 8
39 489
332 117
684 155
380 361
471 514
844 24
630 521
706 217
363 486
675 571
166 71
938 996
649 111
759 92
999 717
618 780
32 103
142 236
910 112
886 833
506 149
148 984
608 555
444 67
156 847
107 251
839 202
317 828
834 454
528 677
876 290
342 721
952 517
663 233
406 114
500 329
157 952
620 74
859 103
933 355
32 646
687 340
525 89
453 206
918 8
166 749
796 684
379 854
107 327
201 142
682 826
159 13
272 431
875 997
11 231
243 37
820 723
902 457
445 658
210 505
708 8
30 20
622 466
73 567
931 440
181 57
385 524
171 127
182 315
299 847
533 325
517 960
789 683
595 756
137 12
859 523
786 995
551 161
772 658
129 688
424 544
920 677
155 688
532 261
375 21
892 161
942 913
982 406
477 570
198 385
581 111
726 939
624 749
877 213
660 525
294 775
504 603
946 334
216 79
183 533
493 605
938 762
278 267
841 461
398 912
292 435
520 150
10 844
616 639
785 246
36 952
218 775
184 651
847 336
463 91
982 973
897 589
1 432
662 975
810 722
654 611
474 947
168 758
49 29
50 814
81 792
715 851
148 423
497 707
262 347
745 421
447 725
927 95
555 676
323 1000
585 413
465 15
798 347
536 358
741 403
264 617
10 117
637 66
505 947
547 823
209 316
915 827
111 220
501 752
67 263
963 967
74 866
290 679
240 502
264 982
262 705
194 11
360 831
848 20
209 462
964 100
438 756
901 167
631 168
804 950
986 817
702 45
981 122
73 605
716 249
240 2
408 974
316 239
339 694
468 18
658 190
697 540
330 31
938 734
351 935
979 390
320 25
304 702
199 755
257 616
683 686
373 12
563 116
256 954
396 117
628 534
120 805
571 682
301 432
196 666
785 355
679 779
391 323
966 317
221 234
538 220
27 593
211 428
931 935
361 919
435 820
443 257
357 843
270 850
641 334
485 23
824 735
201 416
93 754
538 865
958 686
392 587
854 527
11 163
327 901
137 281
530 864
506 552
368 969
480 967
548 632
789 882
829 223
963 931
379 184
659 346
950 687
919 660
342 439
216 459
640 381
806 302
811 249
482 274
506 412
605 992
397 283
904 177
100 980
123 413
87 574
456 824
808 557
401 105
735 242
373 861
411 48
269 178
662 587
592 275
60 281
740 747
189 123
669 689
196 841
985 196
606 244
553 392
46 33
869 858
908 862
175 169
841 389
14 745
917 984
739 290
969 297
515 981
883 687
754 797
386 3
170 890
112 421
558 196
631 534
121 345
693 803
677 646
701 859
334 407
279 530
173 107
22 368
501 591
379 683
569 975
915 695
823 70
606 594
42 969
974 214
632 41
171 743
707 953
48 106
915 20
345 664
508 380
493 496
974 65
262 77
858 422
608 129
516 924
132 234
211 900
761 784
180 381
237 892
219 401
367 777
618 329
460 44
206 568
449 261
911 231
242 244
706 167
910 293
952 91
551 13
168 451
114 314
871 156
875 857
834 178
692 20
655 384
911 943
553 714
237 337
735 214
577 220
562 520
672 72
302 503
843 49
809 993
826 961
260 815
482 139
504 943
691 453
648 432
226 132
646 456
533 798
469 608
87 913
236 301
425 650
338 349
296 889
120 972
652 93
232 646
853 556
233 339
784 109
859 547
162 689
435 767
555 810
516 572
353 858
102 975
345 986
823 53
550 983
534 456
42 794
97 349
171 690
870 112
449 820
287 872
189 729
353 548
372 320
341 767
784 410
669 497
248 704
391 847
450 265
33 279
324 370
971 745
629 521
778 91
48 372
933 250
621 875
401 612
403 242
573 978
831 210
819 991
617 194
393 8
871 717
33 113
380 168
646 237
119 205
212 977
88 607
761 483
56 189
20 472
973 270
591 867
299 355
857 269
331 383
162 3
39 285
795 963
155 288
122 821
618 990
41 329
169 156
367 737
522 664
942 513
892 384
415 899
566 705
184 319
442 815
44 943
192 858
696 346
643 309
293 244
369 598
596 499
689 695
562 703
965 706
145 453
683 540
27 953
598 432
925 896
540 377
852 59
714 36
828 60
352 493
91 24
999 5
333 32
680 251
795 93
992 829
563 678
177 39
949 641
166 921
650 622
63 567
858 717
487 727
552 324
715 944
681 608
667 565
816 201
727 509
840 223
72 990
850 1000
335 592
971 674
266 73
621 811
858 495
181 378
972 603
936 405
979 613
301 561
512 272
548 546
879 4
848 344
849 49
557 256
850 778
579 472
473 293
864 914
168 905
885 772
119 288
449 348
871 753
416 131
536 180
989 870
247 412
854 428
893 394
622 184
772 375
740 924
646 344
761 788
9 101
228 383
377 547
657 561
60 528
136 96
688 573
48 860
714 565
532 390
50 216
425 6
62 333
610 853
496 413
540 8
319 980
507 639
791 889
870 658
445 317
989 769
32 910
89 339
880 66
553 60
662 654
684 850
808 911
433 366
932 128
831 914
312 94
1000 842
430 173
715 737
644 675
738 322
810 715
957 676
952 484
930 68
519 582
277 183
542 765
420 492
642 15
367 304
410 221
331 966
400 966
606 631
42 978
793 58
797 578
387 839
869 289
589 480
550 878
498 355
449 621
86 634
661 100
519 10
647 81
580 116
452 391
743 13
57 465
946 667
364 815
621 561
91 254
276 804
112 554
85 404
32 256
363 734
91 879
437 279
392 136
636 1
943 602
160 164
381 762
717 832
786 187
808 671
383 688
65 106
429 649
527 112
445 127
598 175
430 269
784 147
382 522
421 502
557 970
847 254
865 429
293 140
300 664
726 690
335 778
179 813
457 435
184 725
459 621
422 218
411 462
213 598
12 287
679 857
791 99
269 306
490 476
732 142
609 130
37 489
614 413
463 387
466 101
782 525
5 301
783 892
239 424
386 290
558 52
201 353
278 448
513 358
73 319
1 10
898 312
663 760
975 314
119 676
814 892
693 629
817 136
168 660
465 86
301 1000
750 745
107 921
657 841
974 497
243 361
362 633
966 619
349 877
371 717
212 847
673 203
176 493
765 421
351 828
138 825
342 73
659 377
113 919
332 119
541 101
801 216
252 318
273 871
772 335
901 109
351 58
152 612
394 737
397 318
949 369
146 126
752 174
83 937
624 707
26 587
227 454
231 438
506 147
217 220
843 48
148 986
735 102
683 971
745 994
27 47
519 883
984 122
550 441
862 127
293 160
778 251
598 405
505 458
503 723
630 122
799 507
988 416
201 82
420 436
404 529
351 668
12 110
861 223
572 22
115 933
693 774
361 293
287 53
14 919
2 935
610 304
62 350
614 264
818 261
932 269
775 945
797 921
907 249
746 35
180 909
163 857
491 708
722 56
171 608
67 501
983 803
675 242
966 951
474 273
718 52
581 772
557 360
822 22
860 349
86 815
233 809
355 671
855 90
968 806
406 415
447 830
404 282
294 605
502 589
587 937
661 382
699 551
557 573
869 507
1000 102
372 948
636 73
695 704
809 657
646 268
88 894
490 958
679 332
826 640
460 390
462 705
357 328
682 451
630 309
406 323
557 897
891 859
628 798
223 308
387 114
689 694
706 332
834 441
230 534
454 78
24 819
261 23
114 995
98 508
830 949
142 411
970 56
442 497
245 492
351 366
878 784
992 847
251 919
150 911
282 393
102 318
303 637
499 286
462 150
780 15
768 591
987 629
609 59
93 970
955 19
12 996
689 772
840 369
966 753
687 273
953 566
935 578
614 135
872 546
135 122
945 938
802 789
555 567
721 707
265 69
564 783
765 154
432 850
510 495
116 930
33 306
896 112
334 349
630 907
276 146
82 202
996 289
910 593
270 432
953 242
276 769
428 580
11 500
930 258
894 595
327 342
958 204
449 460
200 650
366 379
223 150
382 919
699 723
604 755
424 685
960 623
942 947
202 755
752 449
343 332
952 131
455 464
863 471
830 228
619 627
240 4
848 963
780 921
905 412
544 76
949 726
88 120
506 203
70 952
437 871
403 939
904 836
65 344
943 45
140 270
527 930
434 47
161 877
970 205
878 978
696 872
231 220
72 571
714 246
652 256
784 904
306 324
344 943
54 750
99 41
258 483
22 8
577 711
117 134
782 566
309 980
628 310
165 528
769 142
776 858
462 29
907 176
453 422
681 579
423 338
885 419
44 133
341 709
819 973
949 902
560 789
993 962
150 633
745 161
543 498
673 453
430 729
414 162
242 925
990 158
544 863
121 872
217 617
163 591
437 116
648 749
366 844
426 231
691 785
327 658
214 142
217 666
883 4
878 225
169 543
99 730
36 640
464 461
835 238
692 365
927 518
52 204
680 398
147 48
535 702
315 870
446 476
801 51
233 529
397 648
327 459
683 179
958 597
912 863
52 994
436 321
330 716
256 743
904 179
394 861
92 838
74 713
511 796
421 100
207 567
193 205
201 714
292 279
23 385
575 724
833 29
100 564
469 473
491 113
192 50
834 481
265 633
677 21
550 493
292 501
656 748
244 974
926 780
788 885
199 614
165 722
774 832
830 732
712 519
495 940
922 110
211 477
144 482
456 468
475 464
738 470
280 802
193 811
328 658
144 369
73 429
132 214
989 199
572 379
504 303
281 601
196 45
921 565
244 305
211 680
737 368
116 875
48 507
597 920
159 473
627 97
440 373
318 378
206 886
276 842
43 193
190 304
427 174
837 983
932 829
720 235
919 837
246 635
692 321
897 346
950 649
855 21
312 13
37 369
632 598
118 417
281 790
66 4
986 213
125 551
539 591
920 763
418 546
958 23
363 475
330 736
113 240
520 304
355 143
907 804
929 748
471 893
630 302
649 253
942 602
815 200
711 107
537 892
455 297
147 520
443 673
373 928
329 266
70 251
592 384
635 290
819 427
452 576
244 861
365 717
773 614
151 438
541 714
504 143
896 729
896 779
652 196
625 601
830 760
836 637
25 266
917 732
554 742
58 764
211 505
512 970
608 867
515 209
331 816
120 61
762 500
151 515
859 594
309 701
791 469
427 718
175 880
548 254
275 626
827 417
846 511
59 795
921 285
483 759
802 865
909 699
710 607
471 14
2 633
150 545
29 848
107 900
437 59
534 667
859 380
579 510
707 181
25 554
458 447
214 182
808 939
181 951
399 96
402 836
749 901
647 702
847 45
164 699
981 656
599 193
697 73
23 959
675 465
812 654
687 610
636 74
852 530
939 283
14 107
847 793
521 117
99 65
839 389
326 344
18 937
436 424
672 86
891 858
269 248
532 706
26 479
190 586
714 832
718 776
240 967
204 610
575 637
453 489
305 829
782 825
127 646
330 216
757 223
829 226
499 707
662 33
743 843
545 683
132 902
988 389
571 407
438 866
44 83
705 429
131 621
619 339
468 445
822 516
384 779
1 294
516 387
666 48
463 378
840 483
969 193
828 284
266 789
563 729
841 927
241 763
3 526
318 577
414 476
290 254
988 969
615 298
907 117
121 738
251 543
747 626
971 774
953 279
632 210
465 157
391 685
56 910
104 671
167 906
99 592
926 342
102 677
195 453
620 293
55 625
538 605
264 842
871 755
51 514
142 879
716 304
76 215
132 321
680 722
552 679
12 728
863 304
443 467
66 76
402 328
881 81
477 518
8 429
687 759
673 333
490 915
739 220
78 989
482 111
9 837
17 434
679 448
937 225
428 882
795 207
703 462
706 318
655 363
677 239
850 913
476 480
302 156
558 973
563 121
362 282
714 247
25 362
886 473
930 25
63 875
50 239
359 123
520 202
990 299
153 206
494 781
266 983
103 118
73 39
828 433
7 364
548 80
131 528
225 349
45 74
551 902
871 194
68 253
556 346
777 643
685 122
278 688
985 800
12 484
585 446
159 343
382 356
186 467
205 405
557 64
261 387
745 160
928 640
711 737
755 123
976 892
637 99
485 246
68 802
738 26
470 177
368 972
920 83
388 937
190 277
746 429
752 802
682 949
122 550
801 65
79 420
623 16
49 743
483 203
23 149
62 13
959 769
462 875
35 899
454 971
811 278
194 268
892 347
545 669
640 670
471 856
984 363
481 728
133 447
526 190
213 129
677 306
201 713
273 52
921 704
598 284
198 238
863 232
460 685
652 455
234 761
610 89
149 587
689 590
831 967
66 647
2 191
809 309
705 471
157 833
419 777
749 531
625 525
166 709
481 892
273 970
400 893
516 603
610 298
979 995
173 104
746 954
585 120
107 748
288 962
128 919
547 180
219 839
935 517
8 892
957 793
962 741
263 136
746 92
414 534
124 728
203 715
275 710
349 585
688 93
272 203
488 243
823 865
590 20
79 240
974 503
851 616
335 699
870 826
271 931
590 135
632 377
665 978
389 468
157 88
30 478
694 865
54 448
402 865
77 929
946 866
319 996
311 948
458 600
721 214
686 884
838 943
731 285
915 82
700 964
759 427
262 543
47 863
639 721
216 345
100 175
477 590
773 929
665 808
27 259
389 936
584 952
830 189
799 822
247 789
307 188
513 633
248 584
304 746
783 414
806 166
164 334
807 548
667 113
869 891
947 225
783 527
681 77
59 481
408 551
5 907
102 385
174 18
42 417
484 985
528 327
858 978
269 663
538 224
784 96
605 216
110 750
681 760
584 946
410 398
33 601
862 584
519 281
280 942
580 281
569 1000
112 817
612 906
78 106
29 702
671 243
675 244
822 101
536 270
202 782
663 911
910 14
7 888
301 603
459 431
298 995
405 589
890 889
893 370
831 411
552 822
575 218
498 794
372 775
655 850
307 960
551 93
130 859
702 219
962 60
198 618
406 377
517 238
386 608
943 324
341 18
950 948
866 435
593 597
652 730
838 693
940 36
436 425
511 983
902 698
602 280
674 701
783 333
491 427
329 340
991 494
135 658
912 469
218 253
2 394
314 595
154 440
981 309
269 985
165 792
575 973
695 306
586 22
948 721
733 325
292 157
899 399
258 29
336 805
464 175
889 63
248 177
581 273
547 385
362 217
34 84
611 518
996 792
459 644
200 340
581 162
504 394
969 192
516 531
120 90
618 185
46 326
853 958
626 668
419 368
573 591
496 877
903 226
906 834
779 464
466 845
943 685
140 654
162 434
146 847
510 386
258 577
280 57
210 326
569 629
399 304
756 461
114 825
983 182
931 459
153 929
119 396
856 886
107 109
765 506
217 700
772 604
276 771
483 321
67 158
789 715
756 530
151 742
133 23
885 946
449 450
986 27
275 186
706 234
981 804
928 144
748 625
345 2
757 717
58 516
995 216
557 705
652 879
420 955
670 72
576 561
562 636
527 142
308 720
271 460
65 990
800 184
737 595
94 48
114 946
338 510
523 940
286 870
947 552
18 684
148 771
245 93
139 576
161 483
109 766
434 771
120 809
176 715
760 505
705 392
905 862
546 652
339 246
188 977
10 465
723 251
1 178
385 19
791 431
82 63
500 978
999 264
785 530
491 753
22 63
237 373
275 294
449 154
628 69
815 524
395 324
803 323
54 219
992 280
600 845
584 114
927 994
25 624
834 742
747 895
474 233
538 44
890 689
289 148
347 410
385 761
923 634
195 734
968 606
398 97
475 638
80 142
635 220
962 100
412 69
514 957
178 569
346 705
772 485
167 493
626 264
313 471
69 560
360 588
568 497
147 750
791 809
90 656
787 958
352 731
494 778
562 322
507 653
273 341
575 948
926 882
122 300
529 36
714 232
499 698
121 236
892 911
179 972
664 684
654 873
376 30
304 267
641 652
628 276
201 633
147 820
10 501
380 621
512 531
327 839
328 127
284 941
663 757
63 985
270 733
988 946
883 156
33 271
984 793
894 227
764 554
410 879
103 686
842 810
685 656
228 949
46 826
627 385
702 429
571 784
688 267
542 442
413 382
716 377
130 884
739 936
77 817
857 309
415 885
168 492
697 412
75 464
935 174
631 255
354 265
137 245
75 417
293 506
8 166
246 394
605 881
667 338
479 272
818 666
724 949
160 272
273 23
754 456
387 27
619 970
692 822
71 347
776 329
575 603
895 254
587 185
420 32
204 719
813 695
151 432
814 368
301 355
804 398
642 289
618 489
12 105
641 639
415 124
607 937
457 452
340 733
128 965
979 526
810 797
173 75
266 895
141 557
534 460
501 877
561 482
524 242
429 370
306 767
625 923
510 359
613 478
409 766
456 615
506 826
875 607
604 55
402 529
261 333
838 498
372 499
724 648
930 27
237 971
294 402
727 168
431 607
16 726
436 967
627 492
885 888
538 583
595 522
411 515
798 941
530 567
698 257
424 918
556 871
793 441
394 430
802 291
365 73
38 881
440 224
924 597
670 378
468 694
866 900
377 756
764 480
982 427
327 34
991 203
354 156
852 899
818 559
839 391
553 298
200 990
807 741
740 728
152 865
618 651
763 169
566 884
861 636
843 209
628 793
476 542
939 578
409 467
339 782
512 911
729 154
16 41
969 651
447 294
164 355
205 841
494 962
23 56
942 342
637 838
340 428
801 662
416 628
606 67
255 51
791 55
667 205
351 620
870 980
338 317
891 555
268 16
970 950
257 801
349 91
956 229
795 289
634 507
945 380
323 544
72 992
274 180
250 503
25 430
7 266
500 72
317 686
943 590
141 448
437 669
210 37
945 94
915 642
443 361
104 591
653 502
346 404
76 525
315 659
906 978
690 637
730 574
340 838
38 721
607 896
132 670
24 63
911 404
608 333
369 383
703 135
789 857
665 683
760 935
781 793
77 668
546 126
678 611
436 74
404 860
829 525
811 14
176 830
815 590
910 374
215 766
777 36
147 902
298 230
906 505
873 618
15 135
473 116
593 347
423 930
373 723
374 180
892 305
717 954
278 462
649 170
498 624
796 15
40 879
246 109
943 441
31 659
344 229
606 285
724 328
338 511
874 733
502 266
585 518
889 808
567 658
594 716
277 608
867 320
249 25
748 69
608 592
737 828
311 321
277 465
353 75
795 412
452 809
628 642
629 119
351 721
801 924
287 121
345 997
680 362
719 948
980 485
504 340
825 540
898 336
150 397
392 737
750 614
641 498
271 683
71 901
898 451
595 887
573 600
180 759
413 833
341 420
307 748
396 875
458 832
811 844
629 717
868 779
382 528
744 377
357 254
432 607
416 308
206 935
110 82
310 912
794 805
217 776
380 236
539 759
631 357
298 75
873 949
912 963
165 441
493 988
241 3
938 123
378 566
977 919
542 806
484 737
364 847
365 162
866 393
354 213
492 564
74 407
330 858
832 392
555 594
762 825
127 343
602 302
565 346
949 800
847 576
387 62
31 631
164 306
435 298
560 172
457 294
38 325
166 398
387 79
374 301
781 163
362 493
568 720
967 312
2 266
115 687
921 480
670 921
529 27
770 775
663 48
62 681
103 7
50 145
474 965
934 328
314 874
297 632
525 384
517 530
98 628
107 750
744 621
2 846
122 66
915 993
193 985
343 459
827 390
428 203
238 342
845 790
24 456
8 973
831 455
246 813
618 400
189 732
345 524
882 285
721 921
65 669
860 484
943 153
265 220
836 269
731 113
159 760
290 377
668 582
341 794
547 579
731 494
569 511
18 271
836 760
995 309
853 710
29 141
51 493
911 19
960 571
927 597
834 809
851 934
601 831
229 582
35 929
342 815
327 57
476 789
388 451
880 236
330 894
539 366
813 771
425 66
688 840
366 465
486 629
594 566
795 285
593 589
815 194
264 303
434 99
198 200
109 931
539 140
800 336
675 604
69 309
549 123
878 905
684 790
335 406
601 356
175 313
13 430
583 600
524 830
107 428
658 564
988 339
475 384
330 389
135 876
410 285
49 491
754 6
115 854
296 668
282 339
672 983
276 309
228 558
672 838
927 246
537 72
175 609
483 922
888 180
427 848
194 637
237 569
57 307
206 972
155 842
335 744
263 383
357 96
270 553
767 725
881 622
458 777
684 15
10 42
211 935
530 677
587 988
345 409
533 478
519 223
618 662
161 63
916 441
7 360
906 371
178 666
739 823
241 122
243 532
644 338
956 604
942 923
583 863
251 158
804 920
808 603
544 437
48 772
412 317
696 240
697 665
598 235
981 209
531 286
198 408
292 298
22 919
294 648
367 672
433 691
574 467
687 16
126 474
805 229
827 917
352 371
67 776
174 44
212 231
960 225
512 826
909 792
217 79
607 463
793 775
810 879
560 534
46 469
413 558
585 165
288 925
770 17
148 429
646 612
859 691
16 887
214 533
162 432
589 503
662 269
500 670
323 127
16 533
404 484
228 800
793 492
962 461
800 528
708 249
731 8
613 36
225 867
856 251
651 935
305 397
259 325
599 230
103 983
972 819
844 207
792 338
445 884
962 30
138 588
88 687
642 772
89 154
566 388
347 606
866 482
652 873
249 476
1 953
91 597
826 672
118 142
78 359
758 386
142 174
477 805
994 497
957 251
939 528
784 698
134 818
174 767
302 304
937 29
329 374
827 723
677 157
878 630
148 781
38 755
757 783
84 95
325 147
753 600
420 121
467 62
362 168
783 758
914 515
80 925
279 407
961 548
966 144
585 240
913 697
515 157
41 518
153 124
690 429
598 802
288 953
31 528
609 91
44 296
261 750
334 44
10 430
980 486
716 828
680 506
149 89
648 343
67 288
674 264
766 98
308 967
664 782
557 189
319 158
237 513
422 669
538 666
850 856
941 687
45 506
110 224
347 254
310 998
332 874
389 508
311 287
62 722
677 874
146 738
238 4
885 995
484 908
748 689
693 208
152 294
513 842
795 608
209 203
906 267
616 661
307 826
721 376
843 625
902 983
173 989
321 106
51 257
297 408
900 188
77 621
12 882
446 290
281 681
437 933
668 39
942 578
212 347
201 81
667 185
917 768
900 466
584 893
866 91
95 383
244 603
117 467
173 417
778 773
992 557
439 354
888 622
886 393
101 847
175 292
567 614
515 987
623 922
913 793
221 38
352 315
775 533
870 925
942 510
595 292
379 978
714 121
934 610
295 752
633 15
465 653
503 921
54 889
593 411
384 405
324 947
295 577
650 592
23 950
395 55
567 181
235 436
297 524
495 142
991 885
758 512
617 684
140 705
34 348
950 214
206 70
228 922
708 396
465 753
788 292
918 931
704 635
767 560
825 793
640 130
517 580
8 556
543 752
158 278
786 615
275 22
276 965
868 959
685 543
191 170
378 431
216 574
548 745
218 212
424 587
905 28
579 181
714 660
472 855
754 149
447 663
847 12
817 841
341 123
877 89
868 364
951 871
27 539
754 375
478 79
740 407
948 299
507 589
352 522
648 39
905 472
949 732
692 816
714 808
906 470
631 829
186 885
283 333
330 160
829 218
353 1
652 782
357 713
619 234
140 161
409 868
749 611
552 161
400 958
188 181
154 69
192 304
447 984
249 833
69 86
733 495
554 738
791 243
710 682
707 748
139 360
167 718
943 292
520 573
736 999
244 115
654 680
345 988
328 14
92 63
276 310
59 942
496 836
903 251
617 648
658 468
548 250
971 897
935 554
846 451
813 138
29 699
301 950
140 628
750 543
290 816
189 821
560 183
941 358
893 45
252 155
98 149
823 838
772 980
167 994
815 854
564 598
11 382
530 674
750 377
953 217
295 62
477 726
173 729
186 117
179 21
464 995
94 652
683 465
88 549
252 488
882 406
368 757
129 649
369 12
521 159
958 164
286 22
251 32
288 22
452 314
739 855
385 848
425 131
522 819
421 87
556 534
338 759
959 939
191 573
468 918
531 176
117 361
175 9
986 582
69 391
357 668
856 21
218 676
839 820
311 383
500 180
11 611
728 975
856 132
453 26
996 948
46 107
978 638
349 458
261 888
373 452
690 390
361 260
602 382
475 284
822 200
758 985
271 544
817 154
642 839
21 122
447 432
394 12
569 634
916 137
708 107
328 663
627 93
954 951
613 210
885 669
946 967
48 278
24 223
426 159
445 913
873 846
118 804
466 317
797 45
215 760
994 573
522 836
792 625
833 155
27 204
999 530
285 524
736 842
146 210
666 557
743 521
418 20
397 35
571 888
678 188
666 604
5 558
669 599
122 420
784 751
919 873
514 293
519 777
728 60
966 10
478 432
740 931
240 716
343 630
92 338
202 318
131 886
98 767
753 382
101 524
284 416
12 51
71 551
362 56
399 861
989 77
330 474
166 812
872 869
923 611
541 976
799 220
555 872
662 204
59 121
823 359
465 322
998 116
763 977
182 405
328 70
291 346
404 155
708 425
637 285
530 953
849 744
691 512
305 507
694 127
396 918
842 674
312 425
99 995
299 229
979 29
698 485
347 241
591 402
168 988
703 884
544 963
854 736
232 47
623 45
129 983
579 75
88 622
965 631
259 529
302 657
375 37
398 100
203 252
609 849
702 150
985 386
986 877
648 814
955 954
596 748
666 81
53 377
856 657
621 111
92 835
991 13
288 316
571 791
334 947
479 334
887 349
174 792
691 494
995 192
933 21
44 764
351 896
857 779
862 20
313 953
978 529
905 669
301 380
287 313
128 734
554 636
975 204
705 504
746 644
876 263
182 432
644 653
667 804
819 737
107 339
512 513
2 989
615 59
46 274
52 876
499 74
547 184
474 660
133 519
116 193
105 80
347 63
310 161
382 752
92 160
572 547
846 134
370 199
926 126
394 343
141 970
38 622
954 879
973 1
816 836
712 309
350 575
764 249
259 971
256 442
613 972
998 702
929 901
786 774
289 489
960 573
651 624
543 934
527 45
937 259
60 470
703 300
946 467
503 282
749 30
118 565
4 253
425 64
924 446
799 818
212 376
283 555
844 325
736 773
353 294
197 381
14 349
161 959
921 593
459 702
117 438
679 584
65 283
588 721
790 381
439 321
187 296
832 35
173 277
641 963
325 106
219 763
667 147
279 361
706 951
620 209
493 528
839 625
789 428
277 376
693 1
470 667
590 696
665 231
495 828
172 497
365 544
102 118
750 962
681 525
774 466
443 334
870 107
907 255
289 676
487 569
876 966
278 636
600 746
638 102
909 694
324 490
932 745
789 96
58 218
106 912
972 701
347 221
209 175
967 634
967 263
958 843
150 772
285 227
638 723
324 543
660 977
863 645
42 488
260 295
868 808
458 632
954 613
441 654
47 910
798 690
661 602
938 49
227 10
577 481
114 680
955 994
151 813
27 227
28 88
123 346
786 12
66 950
331 262
667 416
946 217
400 934
32 889
656 189
877 495
588 870
460 957
596 361
120 674
227 710
258 102
762 192
139 425
620 166
748 499
89 538
92 335
398 698
572 65
19 835
258 25
500 36
49 388
572 48
511 484
27 589
139 151
983 526
862 665
993 222
614 302
337 274
134 474
84 761
675 438
54 977
718 376
594 186
444 641
638 51
660 433
111 913
354 934
48 41
34 244
402 624
737 435
647 106
280 172
890 967
124 371
203 612
91 235
829 649
593 45
740 212
834 817
138 872
985 651
927 552
678 614
655 178
432 660
252 269
94 504
741 679
317 327
464 261
428 864
626 98
769 932
458 495
810 88
920 568
80 309
925 313
17 292
237 385
703 356
907 867
161 517
297 69
585 698
957 106
102 25
144 847
217 399
491 24
562 301
943 152
287 324
930 578
365 656
336 886
746 673
448 868
200 891
326 773
308 784
496 592
724 152
546 648
196 273
157 482
101 412
162 752
145 998
607 690
477 393
867 769
43 238
594 158
354 987
211 658
286 192
915 528
73 661
951 214
954 118
167 839
495 74
278 548
542 785
340 869
270 628
346 230
457 647
774 371
427 43
963 141
751 234
712 977
683 378
208 154
688 109
285 58
15 337
751 91
823 574
185 126
868 901
320 659
334 571
308 124
165 469
916 371
21 593
208 952
831 96
754 111
826 608
935 134
539 633
721 382
939 195
566 614
952 54
582 561
777 353
818 611
47 823
69 683
643 596
346 636
564 757
59 881
869 608
174 686
36 651
292 285
520 120
834 328
657 193
489 361
926 184
678 217
554 859
944 819
283 355
123 608
442 448
44 652
799 524
982 914
19 778
217 343
131 964
631 633
335 44
887 531
157 860
174 106
893 594
712 876
219 527
384 504
262 505
62 831
528 495
550 592
59 23
399 142
317 723
11 904
177 96
340 564
509 75
171 488
516 727
82 31
414 486
634 899
656 353
328 696
570 491
457 722
367 51
115 10
885 562
889 567
284 517
394 197
270 592
91 53
898 597
138 206
910 608
758 76
968 817
806 529
459 390
133 841
302 976
873 884
198 865
18 507
642 705
691 795
609 914
385 522
492 653
450 78
731 483
694 789
40 750
590 426
403 444
170 81
209 509
948 96
734 593
806 322
954 561
648 892
703 222
372 974
854 94
576 819
787 147
277 993
545 837
913 281
52 883
878 707
331 140
448 480
486 616
268 699
939 602
783 485
477 924
740 145
981 284
657 62
904 657
232 976
853 722
720 179
839 995
788 791
832 83
541 885
278 981
880 879
14 175
780 98
563 850
984 701
987 72
684 601
516 548
223 944
774 576
137 925
358 461
894 19
914 875
275 523
425 586
685 44
45 141
207 928
361 464
361 72
384 145
224 848
337 215
249 782
581 892
1 304
968 79
896 252
860 165
589 417
937 896
755 905
901 613
333 99
264 630
337 96
840 490
450 257
307 696
414 252
134 239
997 93
379 282
238 83
954 768
683 322
258 779
99 651
119 340
159 100
220 985
539 771
21 974
545 406
604 631
19 59
887 192
815 551
255 618
91 989
535 932
66 989
207 727
320 505
469 200
971 211
218 456
668 372
810 244
21 875
904 113
672 253
484 523
154 868
473 830
535 650
352 953
888 859
904 960
598 238
340 202
783 328
142 320
992 649
481 372
524 616
125 463
585 622
754 635
991 378
443 816
987 831
269 980
849 818
10 708
227 598
448 793
620 167
533 744
805 883
19 834
25 257
887 987
68 481
496 334
291 66
408 231
295 698
847 121
707 714
414 284
864 511
538 112
723 52
907 141
932 381
713 206
732 190
626 665
892 393
348 183
774 447
261 536
599 718
676 853
556 321
76 521
618 61
719 849
910 830
960 756
916 139
267 203
152 120
869 213
262 13
518 210
612 649
208 191
323 158
439 248
109 838
60 859
840 20
621 726
103 835
217 816
199 384
453 912
539 751
223 270
561 607
807 982
351 490
965 478
375 496
701 416
973 443
846 699
191 450
398 168
570 569
865 703
353 387
583 973
530 219
364 5
331 264
535 686
763 329
801 596
515 706
183 624
785 611
304 695
875 288
586 341
255 66
205 873
478 295
795 483
361 571
499 454
505 109
737 816
370 827
577 303
184 625
887 526
441 24
166 723
518 938
746 817
447 11
975 8
957 557
214 874
270 936
36 266
292 924
461 771
478 867
561 477
979 954
806 953
163 137
699 75
903 61
337 142
762 79
310 219
721 800
663 605
776 959
580 237
195 137
68 921
16 628
759 921
834 624
157 221
214 278
792 100
242 999
578 589
674 88
910 544
595 710
1000 22
72 572
394 403
693 221
397 560
218 255
511 598
591 690
540 672
464 339
851 801
618 636
692 283
290 563
373 514
636 136
160 43
74 609
716 48
493 873
976 333
616 228
946 557
599 485
431 87
18 88
761 176
278 494
302 480
933 130
466 492
830 380
505 69
717 700
481 147
886 29
942 291
959 707
566 931
37 191
809 174
41 820
425 661
211 132
80 43
212 171
822 932
948 743
698 766
572 155
3 240
576 222
207 112
210 820
192 215
283 640
766 705
657 371
567 912
861 243
41 982
387 766
64 273
748 331
269 766
420 382
421 899
405 14
98 624
82 141
120 40
447 647
747 133
784 137
883 325
665 186
212 517
296 563
776 893
357 150
529 603
513 382
401 964
36 445
295 416
595 166
603 755
380 840
641 466
591 338
849 343
208 345
764 934
765 91
949 788
256 239
557 303
618 303
945 725
381 451
555 274
665 758
205 149
906 200
431 567
124 43
380 157
57 102
333 305
280 387
890 734
655 836
656 814
878 119
455 226
742 550
398 70
313 430
251 246
969 807
143 310
648 791
421 176
369 839
21 854
80 510
647 902
445 42
680 573
468 763
43 589
934 118
988 907
810 160
523 781
446 684
235 811
643 951
809 1000
41 118
83 655
568 257
127 254
476 422
921 599
4 285
758 52
889 459
389 709
283 334
585 962
14 722
363 28
736 594
329 156
629 265
70 450
144 39
992 955
116 355
232 864
563 804
214 944
641 626
510 63
280 662
235 260
271 418
903 232
611 609
336 605
903 359
984 557
569 897
785 588
21 33
685 43
872 974
944 491
589 463
201 406
268 719
6 249
872 605
637 451
819 778
520 411
731 539
332 975
146 857
896 108
341 984
823 752
347 315
964 442
435 983
203 856
648 571
351 352
890 754
651 224
392 3
214 56
342 109
368 744
20 481
369 1
332 403
498 353
583 714
416 94
437 760
653 536
583 859
694 528
769 975
350 202
276 681
616 316
476 612
882 675
667 309
649 770
445 447
526 120
86 435
17 88
1 883
136 880
517 283
249 296
562 692
9 524
321 738
396 244
604 285
571 224
297 265
814 294
254 275
888 681
857 754
623 991
572 67
207 40
889 193
175 590
359 221
197 2
589 768
918 532
634 375
176 771
563 689
875 899
548 59
822 654
2 899
414 428
310 77
831 549
614 191
617 873
798 310
654 356
92 141
827 450
901 567
573 698
975 762
353 607
712 2
641 649
966 907
239 63
647 100
336 502
998 312
603 424
592 711
612 650
116 985
483 502
66 306
963 32
129 968
313 155
481 777
209 282
119 315
266 291
891 594
517 937
830 291
868 114
190 318
816 669
512 166
707 325
396 637
469 122
786 844
403 356
599 448
394 673
738 227
18 117
38 112
260 202
373 847
65 54
285 521
667 273
80 597
423 703
815 137
411 223
140 439
144 818
976 127
776 183
869 812
515 18
13 661
992 517
350 339
745 819
463 144
948 524
495 626
130 415
993 429
666 381
979 238
379 970
884 817
496 594
244 144
780 84
504 61
819 646
306 272
72 769
325 433
101 834
383 719
240 599
97 434
443 170
254 426
559 712
853 600
567 173
549 482
989 251
718 299
441 445
24 723
261 746
353 665
462 101
755 493
803 107
680 510
704 484
229 439
471 94
628 67
558 370
466 954
234 430
362 763
13 205
453 704
592 532
410 789
413 114
381 318
807 262
31 166
426 239
878 233
686 934
897 446
901 350
78 497
670 149
764 386
485 465
539 714
575 24
299 277
363 614
843 848
959 782
375 471
330 756
536 951
855 561
737 96
229 702
640 661
719 48
576 531
739 225
868 475
688 673
249 365
360 690
937 198
539 310
136 355
946 268
912 388
883 923
132 91
446 915
303 878
244 982
121 5
74 181
295 799
520 807
871 424
358 197
451 549
421 561
373 264
823 186
561 323
906 546
45 22
31 71
824 935
549 390
503 273
148 353
186 156
442 2
210 230
543 184
690 732
859 767
367 433
833 984
206 74
263 129
380 841
162 500
385 275
205 434
82 319
817 304
966 979
2 540
371 807
962 414
690 913
879 71
205 148
225 830
635 547
447 171
994 926
574 225
461 507
527 264
717 138
976 12
596 813
243 575
173 940
112 886
878 487
312 900
193 154
596 668
541 237
517 4
186 788
763 18
198 291
973 723
117 657
812 855
688 845
709 957
691 350
786 438
406 303
246 174
819 2
583 37
274 757
761 279
889 458
28 388
970 13
519 850
927 815
279 76
447 887
916 793
480 128
515 799
84 770
840 608
117 470
277 133
225 188
561 314
448 989
942 281
642 93
185 542
58 276
441 388
993 183
757 406
139 946
736 159
846 340
888 74
194 711
968 482
21 98
577 850
637 450
450 492
552 989
570 397
367 81
370 151
307 698
793 559
493 347
241 386
955 520
522 251
12 649
509 657
256 379
314 417
209 317
923 616
293 725
574 702
619 781
9 230
564 368
195 271
787 467
420 680
720 94
95 878
257 903
65 783
981 777
839 351
273 826
612 967
956 601
708 582
341 27
499 724
713 936
695 840
754 260
717 912
846 716
939 410
344 96
739 57
375 266
526 273
164 282
381 336
131 211
539 254
892 849
586 319
821 692
780 498
277 598
387 394
830 930
724 417
463 191
780 339
908 792
453 117
331 537
938 515
406 21
727 947
528 267
46 81
28 654
430 782
244 128
774 659
962 915
49 10
585 168
720 833
721 228
353 892
561 439
508 472
666 218
934 61
196 109
328 957
550 888
663 571
708 448
694 151
186 438
168 853
484 183
30 127
323 243
17 844
989 602
229 197
985 543
270 441
517 920
539 880
612 282
904 467
650 59
662 101
997 192
998 539
623 122
290 698
574 971
129 632
949 295
575 231
209 426
281 805
322 75
233 572
307 805
324 909
860 719
722 744
636 102
527 497
345 11
626 396
312 956
942 952
527 102
235 724
164 600
754 296
991 21
994 283
675 506
916 701
193 248
857 17
752 329
483 109
277 648
868 439
942 666
399 730
106 730
986 550
383 138
31 37
745 929
344 154
295 997
921 526
67 858
598 490
947 222
753 595
2 211
884 643
933 480
83 420
598 581
509 322
705 385
923 502
27 701
344 551
291 431
145 586
519 696
136 787
107 760
182 202
337 371
818 450
305 285
881 894
418 980
310 46
704 485
12 412
654 791
713 377
182 20
220 351
189 776
704 532
211 516
965 403
337 942
12 706
307 754
860 286
11 115
964 364
238 9
432 140
152 372
686 753
599 16
160 847
480 632
622 243
53 188
240 413
425 317
461 423
104 252
234 867
860 723
147 936
778 714
377 709
53 350
751 683
455 30
972 132
479 404
942 980
601 854
680 579
887 424
196 813
307 76
970 308
952 791
721 877
937 197
481 321
977 708
377 400
557 255
982 695
553 501
222 232
829 64
387 437
743 446
338 545
892 672
454 399
771 475
774 942
547 588
957 508
118 824
528 708
474 860
236 339
18 538
554 632
221 281
852 389
780 490
32 642
679 800
828 510
131 854
405 411
439 632
210 965
432 471
31 177
418 790
524 118
196 391
292 946
409 890
48 150
945 920
362 826
56 641
632 52
431 866
68 104
312 474
609 324
811 896
595 793
673 999
267 850
200 271
77 119
650 401
462 659
111 160
780 524
831 595
401 629
94 778
111 168
77 968
741 33
445 612
613 238
180 503
309 149
366 478
226 629
251 938
366 329
890 591
391 522
839 378
401 288
369 244
186 930
463 614
997 506
730 167
332 197
354 243
316 706
326 373
273 127
298 687
748 854
473 848
455 288
937 33
890 3
529 479
32 849
253 705
514 557
677 175
148 851
165 923
847 723
313 872
682 882
705 190
317 816
122 472
875 234
178 22
514 476
936 118
274 517
539 51
173 273
881 356
72 636
823 507
914 565
491 475
211 19
339 198
175 436
844 773
520 595
512 84
274 167
173 68
546 574
999 504
876 517
625 771
543 159
150 232
452 156
275 637
529 862
149 156
298 550
560 221
686 365
729 910
590 969
186 403
150 574
107 895
181 156
312 357
186 258
452 896
290 292
937 679
534 515
204 354
828 804
635 974
319 656
351 354
722 626
47 549
929 52
437 341
415 251
332 397
298 13
482 382
744 85
143 486
194 426
105 541
468 731
865 807
761 758
333 565
504 649
356 490
527 13
398 211
811 342
706 416
735 63
117 372
239 258
321 887
855 758
895 933
57 685
938 750
690 353
377 72
506 426
841 505
199 771
404 729
369 732
374 367
247 535
178 58
14 684
259 199
957 292
600 31
925 774
286 556
932 230
326 797
257 826
741 882
867 523
871 499
339 226
69 53
310 289
633 202
724 247
248 40
965 11
163 1
185 569
168 425
634 740
818 479
451 282
477 644
591 246
632 21
432 183
767 913
789 31
872 699
923 809
93 692
565 632
909 726
272 677
94 928
121 528
889 748
163 880
585 731
641 137
606 548
20 50
451 131
941 726
872 436
764 863
963 378
929 246
842 877
682 966
460 24
71 902
170 133
189 423
906 808
863 80
985 312
53 200
327 473
440 131
260 406
482 258
137 165
446 441
734 556
68 947
169 852
575 452
632 774
209 587
800 978
947 869
382 650
612 619
147 877
277 806
260 370
657 840
839 96
217 241
644 82
209 885
249 192
247 981
236 74
878 617
827 745
511 64
519 36
796 804
321 716
161 891
559 7
283 264
411 511
196 639
32 520
452 641
126 504
738 230
739 431
746 685
158 567
88 271
698 584
809 337
699 845
687 272
455 812
59 746
524 83
136 788
619 471
987 427
969 228
664 630
421 893
579 499
427 752
286 96
67 665
399 638
688 948
665 304
993 879
693 614
569 552
419 485
177 603
524 256
873 98
466 952
654 903
470 784
708 815
111 38
586 713
171 405
138 214
391 648
381 316
733 519
129 953
568 716
262 895
302 952
731 106
272 943
916 392
494 244
901 348
631 461
225 897
579 843
967 975
240 414
402 797
155 711
449 422
158 478
76 67
276 525
118 450
119 63
397 271
511 689
60 463
77 615
26 715
924 32
1 927
623 492
471 851
365 300
38 402
991 8
260 168
613 518
744 843
86 398
680 723
700 654
294 891
387 39
260 831
374 437
706 652
605 519
625 329
681 207
865 442
956 983
459 649
351 911
965 729
500 343
676 502
848 711
979 287
487 76
749 633
348 822
316 340
658 971
698 620
847 397
445 605
503 919
879 540
477 376
955 735
387 624
228 674
390 337
345 970
624 459
37 752
564 939
728 601
127 633
572 730
985 779
789 87
617 944
279 885
447 503
105 228
693 437
271 773
60 679
883 21
920 9
663 979
940 180
779 254
125 874
253 277
988 680
906 617
445 611
804 793
431 560
25 304
717 55
859 350
422 413
725 540
951 806
821 105
694 745
734 970
476 974
55 801
938 183
955 767
740 127
941 960
982 20
30 737
164 691
381 659
39 360
410 421
88 877
768 393
334 502
807 872
632 830
264 248
303 185
341 502
696 219
970 454
38 446
723 642
248 738
359 758
655 261
951 914
354 311
611 89
687 916
563 154
236 402
348 756
169 479
245 108
268 405
269 940
369 640
948 710
418 601
805 348
649 679
45 854
121 144
999 21
515 74
681 342
563 854
695 334
713 69
606 792
662 30
50 910
626 260
515 360
440 590
115 204
997 790
381 17
680 440
76 737
423 268
25 869
636 816
66 783
250 936
665 437
647 125
992 481
346 218
385 494
573 885
461 187
320 817
318 284
343 187
881 752
99 655
81 488
545 313
301 739
694 858
932 859
437 291
848 960
522 987
431 325
124 185
125 592
109 427
535 819
759 273
687 628
928 141
268 998
179 261
108 741
697 448
812 535
522 324
716 123
521 99
598 115
457 715
878 739
915 343
517 503
722 951
502 183
787 913
771 372
701 235
226 205
740 550
870 637
121 82
191 878
359 504
73 215
805 238
760 785
536 344
127 142
577 327
11 665
123 925
72 921
1 387
827 795
629 411
478 617
231 915
624 309
654 173
534 134
956 364
962 913
429 428
822 653
658 674
167 329
720 835
277 571
601 102
975 417
957 630
10 437
785 557
881 848
936 943
659 657
550 894
348 290
955 266
557 82
408 119
11 381
20 76
774 221
647 97
371 880
355 599
210 462
546 148
379 333
507 368
716 580
352 334
