850 2485
103 291
14 74
790 763
348 138
167 13
746 696
326 721
424 634
138 427
356 742
287 115
35 234
594 464
411 773
819 119
108 150
809 77
314 475
775 314
617 719
656 509
531 686
641 335
533 294
572 244
248 683
193 545
640 502
253 28
715 81
662 278
214 511
354 510
119 631
724 587
229 19
784 598
395 186
771 336
313 822
140 846
89 228
787 103
382 393
438 111
38 553
849 596
181 557
336 193
334 95
375 188
250 445
388 630
647 650
10 631
598 257
195 731
566 803
458 68
27 434
779 265
140 312
503 756
508 399
142 474
336 110
349 238
57 510
481 619
483 494
599 633
375 772
777 522
474 833
532 408
423 729
620 587
515 679
455 253
493 661
723 584
647 846
387 771
514 629
752 200
237 69
348 515
39 339
460 689
559 777
525 286
710 794
750 791
399 140
227 565
190 259
730 361
128 710
95 642
421 699
78 500
11 691
68 416
31 828
492 494
683 31
22 261
284 565
195 713
292 831
677 454
786 376
437 66
794 456
501 831
375 321
769 820
694 776
370 800
153 369
417 753
308 701
431 685
480 324
318 740
600 693
802 378
380 338
660 780
475 468
520 204
334 409
634 58
582 195
677 26
733 536
203 120
204 732
206 648
708 202
185 275
343 458
346 696
272 457
505 390
75 504
21 798
124 814
837 288
432 724
61 657
29 840
2 603
473 57
446 575
38 617
330 614
332 74
268 120
549 217
829 398
795 735
61 431
102 357
441 324
755 487
557 154
25 825
359 336
142 608
256 227
663 313
700 185
632 713
156 49
626 475
508 351
111 170
794 293
830 618
323 488
501 325
837 385
323 346
513 830
56 650
770 785
78 464
688 260
744 673
799 398
128 593
290 736
365 423
756 486
62 409
656 748
424 705
247 748
583 190
235 513
186 173
3 529
594 299
90 513
313 652
297 119
315 368
428 397
210 797
543 631
438 332
274 810
408 456
135 672
686 464
104 780
800 249
768 632
145 543
593 259
776 647
210 392
361 614
814 743
713 44
603 681
517 10
331 638
723 391
134 714
504 335
32 140
251 368
531 162
351 821
61 442
659 147
577 81
758 837
373 579
730 715
831 337
681 742
597 570
599 298
300 210
123 536
828 262
166 99
574 433
81 803
419 160
35 379
74 223
548 388
525 527
52 128
454 57
348 596
39 279
786 432
224 14
685 143
428 120
212 106
767 791
179 726
475 191
611 401
793 86
684 150
73 181
164 68
404 555
847 449
743 741
267 341
274 13
688 709
345 712
312 511
661 499
827 288
24 638
367 534
153 555
298 11
576 240
521 606
780 343
784 786
323 174
487 724
769 280
271 333
152 262
449 327
119 296
212 224
239 521
129 618
184 355
719 846
443 617
98 731
395 145
252 510
777 23
46 723
584 743
641 775
605 590
804 130
329 664
740 551
279 165
615 64
138 324
581 48
124 490
695 40
225 721
630 804
370 102
117 714
190 798
605 272
724 765
494 752
283 25
50 260
533 612
753 835
845 190
754 540
611 560
806 814
155 195
53 590
87 126
397 130
99 294
357 649
517 198
519 312
277 23
524 755
652 637
486 183
415 538
807 246
295 840
115 286
831 418
355 783
173 364
68 19
251 277
622 772
44 479
797 738
581 256
528 404
160 745
270 610
218 761
440 254
97 419
318 686
463 340
835 660
513 401
402 70
496 181
152 492
688 238
66 676
247 407
350 622
631 669
541 332
676 140
224 195
152 213
226 100
106 171
341 277
823 779
243 760
119 494
250 650
846 278
367 236
338 396
466 345
357 843
272 34
825 391
57 58
94 284
417 115
149 385
393 645
30 178
729 406
341 429
299 271
415 389
276 86
232 693
160 743
13 326
698 107
684 765
636 120
47 492
655 635
713 27
257 768
259 705
260 635
31 503
572 825
39 642
796 31
778 574
449 245
529 522
771 585
672 425
575 22
686 678
299 680
84 255
47 501
710 800
269 464
588 242
774 86
668 186
82 638
619 787
836 299
146 790
346 59
716 142
111 635
42 272
133 556
479 304
535 318
639 534
489 478
713 689
788 264
529 262
548 837
456 427
202 230
591 490
371 280
529 407
294 100
846 657
317 477
836 837
283 847
470 591
492 37
524 170
598 161
285 179
456 323
742 575
263 295
306 774
625 342
539 162
243 353
225 702
56 635
465 292
801 184
792 112
811 188
394 440
416 777
331 285
221 37
166 165
539 413
704 1
713 360
713 675
826 386
775 677
209 396
190 702
211 480
809 589
365 588
738 796
395 54
91 529
38 56
22 198
430 107
710 82
849 565
490 67
166 609
225 59
513 233
628 164
405 408
9 45
802 540
1 379
440 378
614 724
285 110
711 331
56 842
326 517
793 195
338 354
339 528
410 544
288 210
570 258
181 521
562 520
307 95
203 708
829 563
575 718
796 233
691 526
622 449
508 564
663 368
385 843
281 599
600 819
216 744
730 219
803 758
365 132
404 267
522 82
723 504
64 523
493 839
582 333
770 104
253 158
271 400
836 219
710 395
802 277
207 617
664 302
465 812
471 484
572 351
57 843
242 377
785 2
604 834
814 538
661 688
65 542
546 668
122 729
527 534
663 86
460 89
771 393
690 605
432 352
196 729
808 817
681 152
260 797
464 230
760 142
327 408
224 460
7 432
688 538
674 24
149 628
399 427
153 11
77 317
393 153
512 193
36 278
105 413
722 526
523 60
232 756
783 488
788 627
111 676
828 199
719 656
647 610
541 550
38 694
330 211
160 155
403 841
229 378
269 820
128 253
559 439
451 65
393 216
93 65
738 278
646 375
560 175
417 66
145 453
695 734
76 820
151 107
350 196
422 241
597 205
212 301
507 436
255 329
56 273
519 408
105 625
731 453
182 828
742 711
374 504
565 667
108 172
550 479
847 683
405 63
744 274
457 622
161 94
180 155
442 846
178 836
360 639
773 413
14 603
290 685
424 476
28 198
86 3
68 522
531 297
720 73
610 555
152 549
724 235
525 454
105 176
31 141
324 153
721 433
690 205
468 227
472 177
308 226
293 397
99 703
608 656
562 403
174 640
674 600
379 648
813 237
172 251
599 700
817 701
657 235
327 484
202 216
311 430
205 125
315 517
65 320
503 167
214 501
347 213
431 636
578 814
448 790
362 787
771 609
376 504
162 56
138 369
510 214
258 192
254 806
711 264
73 199
71 771
293 612
258 700
25 356
153 402
512 12
596 431
833 11
87 453
550 104
291 118
309 16
457 834
795 115
66 525
516 780
592 691
737 139
547 150
710 838
162 360
704 38
557 508
465 473
391 298
707 839
809 430
315 269
418 644
621 557
705 534
653 51
375 56
605 544
271 732
364 146
771 809
3 435
611 550
777 639
282 173
449 542
506 402
396 290
162 189
254 122
643 172
844 78
82 59
559 703
751 82
774 849
432 828
775 552
209 271
692 364
749 547
680 737
269 439
405 830
707 850
501 191
804 642
418 782
202 252
150 185
685 791
797 818
103 646
179 667
716 627
404 828
206 693
86 256
80 100
81 317
237 181
824 750
37 827
7 84
323 490
764 485
289 281
833 238
222 226
388 91
184 308
102 89
452 611
788 111
19 225
76 265
301 230
524 655
692 629
678 554
163 26
206 385
647 357
795 356
744 839
287 192
516 125
812 699
708 47
769 845
767 524
825 781
506 622
67 78
103 233
300 69
514 38
645 102
408 133
462 120
708 205
673 357
177 504
384 560
144 629
327 220
3 241
316 742
631 633
634 463
212 192
265 763
747 100
51 38
659 301
792 708
498 391
815 168
781 701
158 115
527 723
95 358
481 515
492 631
635 238
201 336
752 87
398 603
238 428
330 686
775 842
744 806
670 121
674 100
419 835
518 61
23 691
649 648
709 280
806 823
492 478
365 435
482 570
485 132
106 331
5 665
294 63
150 654
299 192
724 810
744 595
126 756
5 457
245 634
512 537
676 335
305 631
537 122
443 561
850 19
388 342
412 332
289 769
17 388
308 80
182 387
113 467
500 437
742 545
102 234
800 237
694 83
557 756
172 662
643 595
567 734
587 132
572 304
493 846
593 221
464 23
300 88
376 345
680 454
374 98
643 80
36 687
735 570
42 562
406 297
173 626
581 192
546 354
340 722
234 835
97 592
399 378
4 284
823 474
482 457
529 360
845 162
434 570
474 40
844 415
529 179
728 118
523 239
176 568
642 317
97 599
152 347
248 154
502 741
160 689
33 677
308 659
475 389
437 326
169 435
225 609
581 201
581 647
394 523
416 410
332 806
704 268
335 806
248 120
6 629
126 420
571 553
306 357
155 475
12 474
732 540
417 366
364 504
297 561
655 848
110 444
185 688
257 310
407 403
374 495
250 610
14 251
821 233
734 250
630 619
463 175
66 154
301 598
196 554
292 5
826 640
45 134
263 83
376 728
141 232
417 359
271 494
292 148
206 540
281 339
359 172
490 592
567 438
219 633
790 549
2 586
242 839
615 560
48 404
501 53
225 748
212 116
77 349
740 373
724 393
391 610
175 780
566 148
570 302
827 782
38 422
34 227
41 550
726 217
253 787
125 734
456 491
555 777
667 318
313 25
479 91
687 29
121 78
75 735
175 676
684 322
449 141
675 714
70 831
253 117
629 415
43 475
724 562
326 484
517 767
758 507
463 734
742 767
599 322
54 360
537 773
305 86
497 336
478 306
317 421
638 161
715 357
58 608
40 656
228 26
598 562
214 552
463 51
515 583
73 760
589 63
202 29
518 590
76 476
417 688
397 707
53 701
516 624
93 534
168 286
774 217
130 534
525 510
567 664
676 523
556 622
461 792
244 88
619 809
449 238
271 555
202 628
702 837
100 116
548 732
22 113
138 716
118 37
48 594
400 340
366 258
118 483
9 109
529 425
433 648
42 793
727 65
340 453
644 47
549 55
91 227
553 76
202 418
95 683
6 839
850 652
377 184
250 438
366 90
415 623
316 699
589 812
149 310
40 252
615 24
183 172
784 275
652 424
150 398
243 428
219 348
116 346
152 659
481 227
211 637
195 727
141 399
434 667
491 387
240 598
186 325
616 572
617 434
325 701
482 663
347 673
645 10
287 594
738 827
728 634
142 12
2 172
648 636
136 485
119 263
466 810
83 264
311 540
165 689
666 502
208 381
633 121
227 309
716 541
94 466
42 73
780 33
109 785
288 526
459 32
543 281
375 332
201 633
206 447
151 266
247 822
662 585
646 173
460 605
170 768
500 15
48 530
362 40
380 351
20 566
42 48
244 607
687 544
45 496
527 459
769 476
291 509
350 697
616 697
502 532
211 306
339 489
809 310
242 676
115 142
801 92
196 760
340 773
470 97
570 486
43 298
82 820
517 153
499 470
286 212
136 413
177 110
524 350
380 453
59 475
296 588
814 345
711 665
712 265
179 495
605 300
847 275
832 387
20 597
57 338
261 813
464 321
193 328
450 291
6 68
372 87
86 758
635 389
182 623
94 797
664 4
439 750
334 784
315 366
611 708
577 635
176 40
674 299
821 99
399 779
54 9
165 597
153 578
763 355
67 430
251 733
322 615
460 721
648 395
317 373
687 106
415 343
586 705
205 330
444 165
3 693
649 253
206 513
815 669
708 835
444 586
388 276
236 9
53 589
238 150
605 38
192 340
402 125
671 40
396 168
396 770
73 320
735 328
535 447
39 186
37 797
567 590
167 651
78 98
723 820
118 245
661 645
212 378
584 376
129 240
554 742
190 459
446 490
122 107
417 522
607 639
332 808
576 449
686 575
56 399
165 211
846 769
301 350
656 312
548 367
254 326
642 720
43 520
190 139
49 414
730 604
663 183
507 583
533 255
61 100
103 180
824 520
365 558
35 132
790 498
637 627
540 246
120 505
157 140
548 547
737 203
576 375
741 643
244 493
449 322
316 372
323 560
711 86
180 113
398 797
793 558
314 334
463 825
531 564
515 45
845 135
499 589
170 535
585 7
328 717
274 633
88 197
596 543
834 148
265 695
375 308
310 235
656 357
849 283
679 502
100 637
410 248
164 274
707 786
10 78
605 633
327 392
184 543
115 808
633 171
814 287
47 436
69 300
17 129
402 807
528 846
521 658
368 37
462 473
798 808
584 223
214 51
731 455
346 318
142 292
761 776
685 831
64 157
414 282
290 626
737 109
10 399
609 606
706 445
634 422
784 361
159 79
578 227
817 247
343 568
773 223
645 810
225 217
744 534
176 328
180 843
110 193
57 443
721 537
424 679
376 277
145 243
793 408
741 114
245 552
212 317
509 440
626 383
64 289
38 218
121 176
728 840
638 597
329 328
317 128
73 390
705 377
744 258
195 458
496 251
127 474
523 719
624 780
417 258
769 213
406 827
298 429
264 277
265 105
658 189
36 761
682 250
476 45
611 103
42 93
23 493
796 211
7 649
103 661
821 640
271 308
826 128
78 806
62 572
86 679
345 385
649 608
781 99
359 123
306 325
36 423
99 243
500 744
87 329
235 326
90 95
774 647
390 811
264 86
250 220
13 16
92 527
735 823
297 357
746 418
196 458
252 740
231 752
381 195
623 580
327 139
420 831
333 160
320 566
707 418
263 309
235 319
428 150
210 115
710 347
88 246
758 568
686 197
359 163
801 283
716 709
143 811
239 710
343 101
646 727
120 822
445 100
68 446
323 261
508 492
355 331
430 379
590 403
751 135
511 569
834 58
210 439
448 539
68 809
325 677
640 751
694 598
112 195
347 69
352 690
725 452
193 83
467 556
123 414
72 593
14 660
199 29
454 303
537 412
115 136
152 808
615 800
160 499
457 573
251 49
446 537
129 344
353 826
692 395
505 615
785 629
155 483
726 547
620 98
455 428
519 333
480 237
433 598
70 781
553 357
554 182
5 766
413 286
658 152
733 63
682 652
652 172
636 128
513 681
272 327
224 411
295 469
66 670
474 648
511 781
386 25
436 610
208 622
318 537
339 756
380 255
346 334
239 578
613 268
734 446
793 310
8 766
343 156
611 725
150 307
23 547
71 357
46 640
786 616
145 270
201 505
458 130
60 773
167 35
577 216
28 605
390 383
105 424
407 476
788 242
187 484
193 651
623 726
241 391
799 623
73 350
227 846
404 770
332 765
21 844
44 636
214 241
34 339
708 460
628 578
3 225
594 123
405 232
281 314
617 381
103 48
640 420
57 214
111 399
162 220
850 343
579 185
502 205
432 452
234 48
368 348
168 478
721 344
794 619
135 337
451 762
754 685
41 347
289 444
13 432
785 738
466 268
720 661
509 205
5 321
302 840
818 33
588 773
518 719
740 689
19 514
338 561
709 590
671 461
6 797
457 453
666 806
849 209
579 847
286 634
52 514
590 807
167 562
261 627
199 578
274 458
537 74
830 175
44 78
216 69
73 682
420 268
84 196
18 141
424 716
44 295
393 375
234 526
188 217
136 612
824 462
787 784
18 632
789 695
171 317
153 346
209 341
357 591
250 497
24 628
205 86
207 406
138 17
244 730
378 311
821 247
171 266
845 134
39 211
757 804
554 185
687 722
68 514
636 269
840 688
582 751
454 484
700 607
576 725
574 96
45 132
125 438
713 765
473 320
825 27
719 265
687 816
267 336
469 303
751 770
790 108
441 659
759 279
227 190
816 577
709 569
376 515
712 680
473 98
789 300
849 625
850 202
448 602
86 214
399 533
538 37
95 689
242 39
794 261
49 311
283 776
602 368
31 446
677 727
753 527
204 355
628 26
761 465
637 468
69 77
696 815
614 540
736 468
848 26
429 437
362 415
269 524
695 357
403 775
691 741
304 161
784 219
454 781
733 579
607 739
563 479
219 143
21 125
552 16
701 657
7 207
641 718
72 266
113 53
222 170
424 253
207 679
121 85
85 524
91 602
573 157
44 154
29 501
731 618
53 847
271 455
665 482
479 149
820 247
755 560
172 351
579 136
600 259
303 839
215 620
219 418
717 415
149 557
81 69
444 548
5 271
545 701
785 689
382 166
114 547
336 164
318 707
747 816
752 161
571 298
556 139
386 322
705 650
210 459
817 772
352 686
242 389
798 62
460 793
483 811
798 107
14 640
194 230
182 453
117 329
830 689
635 849
799 759
584 252
627 190
511 65
156 221
230 124
544 385
774 498
701 98
191 62
815 609
11 396
288 188
605 454
218 120
398 746
627 476
78 484
101 679
47 138
289 147
272 634
273 396
459 207
774 305
780 85
844 250
58 150
333 635
743 94
323 659
737 43
575 146
419 277
276 490
595 140
149 312
762 817
396 502
694 821
570 783
605 262
166 621
134 801
822 755
363 183
588 159
635 220
579 58
526 470
144 176
346 705
365 750
811 767
481 17
138 184
768 110
290 367
788 210
849 782
132 414
176 5
559 392
605 670
180 386
187 464
351 717
743 560
397 74
126 441
382 45
97 451
813 397
389 742
231 824
182 659
511 205
611 348
315 485
560 505
448 642
288 760
734 239
648 620
298 592
668 60
835 222
178 711
178 349
490 702
295 317
426 444
244 347
445 827
46 412
103 149
715 638
589 718
111 53
537 134
535 284
193 301
819 525
740 377
271 272
351 70
63 584
433 128
533 291
790 659
196 348
116 198
747 428
643 8
593 604
225 151
318 745
262 650
267 406
250 578
396 370
309 575
271 232
720 20
666 112
796 755
545 514
158 716
197 287
179 755
182 214
330 743
496 648
337 351
619 695
247 725
567 33
754 779
833 514
30 149
483 479
588 300
826 69
609 324
626 74
510 556
310 665
667 123
724 376
317 830
415 172
200 414
664 600
41 767
115 103
280 389
570 421
467 267
598 627
41 332
643 477
296 176
315 726
407 409
63 491
472 743
72 782
438 634
455 696
151 67
396 759
47 695
242 631
635 571
387 191
608 519
808 500
788 253
4 249
463 499
467 321
359 808
760 45
141 790
328 302
826 110
639 748
616 480
576 658
716 510
22 715
26 646
409 361
675 578
405 39
15 194
645 530
477 501
704 423
419 544
449 166
591 67
733 731
506 733
81 754
371 31
584 172
768 376
608 50
793 352
177 595
615 575
707 806
799 259
511 6
82 111
448 589
747 694
605 65
589 636
394 699
650 29
706 430
730 344
141 236
672 182
366 499
794 246
835 767
699 226
79 17
192 443
584 759
802 82
331 86
688 533
691 662
159 565
287 512
734 728
237 416
495 775
392 364
230 95
640 18
53 67
308 810
184 451
740 131
79 420
63 446
157 378
676 650
92 172
692 195
386 383
5 113
133 76
216 398
841 11
472 365
384 324
438 139
459 18
798 705
72 364
664 112
848 509
372 743
638 5
380 186
274 308
497 114
578 317
359 283
560 72
457 170
848 608
83 716
68 372
693 466
824 543
550 612
845 620
758 22
426 263
408 819
140 824
803 72
594 626
594 191
298 278
392 709
211 190
545 674
741 663
171 291
775 498
597 766
16 79
456 390
148 113
704 252
373 601
299 785
815 530
692 792
197 748
329 643
835 102
448 681
803 12
413 4
126 818
219 477
26 193
122 189
735 45
348 289
791 783
157 794
529 292
59 248
479 37
444 9
600 260
665 259
593 814
121 93
86 767
661 738
390 601
745 299
697 3
128 221
128 258
100 198
230 491
394 589
235 821
694 111
130 823
636 103
657 113
419 556
439 287
277 27
542 521
270 385
219 299
277 806
540 345
822 631
699 175
774 319
603 836
1 256
440 800
406 1
363 823
729 690
414 372
593 39
183 738
115 728
223 603
340 463
397 373
1 639
680 505
833 556
214 180
78 209
19 293
207 442
259 509
622 489
13 321
452 380
515 131
688 599
170 709
720 814
774 527
392 793
460 76
564 121
379 667
805 711
699 76
165 813
666 322
23 195
43 570
382 216
182 21
850 524
788 509
592 416
795 542
676 448
199 725
93 829
351 558
428 403
642 323
823 79
609 455
23 301
831 31
450 636
817 581
268 847
413 807
364 672
184 816
645 749
705 740
561 632
521 218
463 311
339 381
72 715
147 792
639 250
780 182
249 53
319 574
712 261
364 520
458 709
700 68
522 320
5 764
542 775
440 98
433 421
99 427
635 272
188 186
775 841
686 657
230 232
291 746
369 423
705 499
651 212
318 80
227 732
431 206
53 141
128 183
572 472
721 211
374 396
263 742
822 14
20 124
96 490
170 506
465 845
696 553
717 429
845 120
608 383
4 101
477 489
633 371
526 685
716 694
346 697
58 80
188 166
777 268
192 289
360 237
221 820
721 769
405 419
427 321
822 56
764 784
528 105
142 71
508 86
147 815
588 524
149 31
43 59
299 536
357 156
730 332
328 44
20 812
809 302
821 671
616 363
675 200
569 589
822 105
792 408
21 454
95 195
405 428
814 72
449 386
69 420
586 286
252 305
822 24
492 114
535 331
270 126
666 67
225 708
119 3
231 144
747 699
731 475
69 677
121 563
835 44
448 826
509 629
648 94
393 735
103 502
89 487
804 577
215 711
177 393
421 554
689 842
637 628
87 393
825 224
495 818
559 816
530 649
37 747
759 40
176 406
840 531
529 579
677 373
373 782
431 156
530 25
107 421
808 133
365 410
664 314
719 170
719 737
300 735
446 525
783 51
325 828
676 532
737 95
739 482
689 220
486 138
611 361
522 666
265 838
144 17
330 292
794 797
687 821
152 376
74 404
641 166
536 84
647 36
394 781
156 850
431 301
282 81
568 839
240 318
594 388
210 743
347 584
302 239
456 319
175 658
839 497
594 821
168 15
756 656
538 591
150 793
393 609
182 99
711 187
451 497
273 687
347 23
773 234
422 8
661 97
826 401
612 164
85 194
377 48
175 554
362 568
791 538
721 442
443 831
5 604
780 342
250 303
695 415
202 394
477 58
352 184
374 644
680 540
38 785
499 168
820 227
296 373
272 227
809 630
518 414
278 260
293 351
566 65
184 553
614 743
463 185
564 546
264 777
493 220
697 240
736 480
693 560
403 125
540 586
413 694
766 284
693 100
245 527
609 829
294 241
226 667
762 569
720 830
250 635
351 219
496 189
452 407
8 532
451 710
110 183
703 206
592 167
815 728
107 833
565 380
704 571
608 103
436 384
39 478
666 414
482 194
814 707
391 331
251 553
379 476
589 822
238 842
119 534
373 471
69 338
288 486
489 848
678 834
570 587
350 734
478 313
